37
4
8 11 2 7
5
4 2 0 2 0
7
0 0 0 0 0 0 0
6
1 2 3 1 2 3
3
1 0 1
3
1 1 1
4
1 0 1 1
8
996 302 875 880 310 627 842 552
12
236 202 640 620 76 290 605 490 839 688 117 305
15
618 990 389 484 827 615 672 192 708 906 349 486 565 192 488
6
562 487 142 794 264 150
8
431 118 560 573 762 369 48 460
12
966 689 119 625 370 399 356 649 368 340 867 884
6
81 257 573 365 922 160
12
363 628 176 678 0 953 734 663 668 846 433 229
4
899 160 98 728
8
534 614 940 940 581 409 659 159
6
974 468 613 761 578 915
6
116 328 807 772 815 420
3
589 791 801
12
39 660 656 835 950 782 358 807 954 945 97 610
15
22 623 310 836 105 715 166 596 273 814 837 128 683 631 249
3
530 770 29
4
992 983 246 659
3
77 379 758
12
512 839 171 806 298 156 800 775 833 580 151 860
4
10 55 429 822
15
642 669 477 896 198 954 685 140 692 917 895 490 251 167 741
6
557 362 702 296 832 984
12
55 8 118 462 472 515 570 44 725 331 654 787
12
78 969 492 723 433 681 459 197 253 655 798 302
4
544 465 245 189
12
613 107 809 907 517 394 996 46 869 440 520 754
15
579 805 884 862 628 788 269 540 583 915 861 820 884 262 35
3
343 449 982
12
278 528 319 598 973 907 25 403 794 514 463 903
12
424 773 776 108 992 782 235 160 910 562 269 842