30
12
515 265 448 530 370 858 981 807 262 939 290 162
6
903 200 494 577 505 983
6
497 993 661 425 728 542
15
621 682 200 423 995 237 182 913 308 77 334 634 827 240 1
3
76 394 495
6
349 957 833 845 55 202
6
389 472 455 271 161 582
15
164 849 370 713 61 408 639 5 297 569 359 992 616 178 370
15
713 859 71 895 418 361 315 756 557 666 936 337 911 842 737
6
483 309 159 407 119 88
12
369 502 724 796 936 135 639 355 339 744 405 736
15
734 100 45 690 106 840 975 104 674 31 959 763 603 456 399
6
694 136 2 409 828 660
3
515 424 555
3
801 699 774
4
765 984 658 458
4
113 483 669 910
4
328 446 538 900
12
454 812 251 758 465 592 82 361 386 796 681 740
4
944 613 859 217
6
496 254 495 127 845 993
6
940 618 160 717 986 473
6
610 576 779 987 144 6
12
237 553 75 27 32 18 915 249 576 209 880 319
15
25 611 96 994 976 596 241 177 421 171 543 139 681 452 592
8
869 367 14 324 251 866 904 93
4
883 691 466 93
6
632 563 634 34 583 333
4
112 267 255 930
15
61 877 205 429 330 923 993 814 926 682 498 317 286 613 411