31
N = 1
-1
N = 1
56
N = 1
0
N = 1
2147483648
N = 2
49 97
97 49
N = 2
-1 1
1 -1
N = 2
2147483647 2147483649
2147483649 2147483647
N = 3
5 4 3
2 -5 2
3 4 5
N = 3
23 86 97
14 73 41
35 52 67
N = 3
7 -9 -5
0 6 5
-5 -9 7
N = 3
5 1 3
2 5 2
1 2 99
N = 4
4294967296 87 1 3
2 47 2 73
73 2 47 2
3 1 87 4294967296
N = 4
3 2 0 3
1 1 2 9
9 2 1 1
3 0 2 3
N = 5
7 8 1 8 1
3 6 7 2 5
4 3 1 3 4
5 2 7 6 3
1 8 1 8 7
N = 5
0 0 3 2 -9
2 5 2 1 3
777 77 66 78 777
3 1 2 5 2
99 2 3 1 5
N = 5
4 1 3 2 99
2 5 2 1 2
987 77 66 77 987
2 1 2 5 2
99 2 3 1 4
N = 5
-4 1 -3 2 -99
-3 5 -2 5 -3
-744 34 -1 34 -744
-3 5 -2 5 -3
-99 2 -3 1 -4
N = 5
6 9 0 6 0
3 4 4 5 3
5 4 6 4 5
3 5 4 4 3
0 6 0 9 6
N = 5
4294967296 67296 294967296 94967296 4294967296
67296 294967296 29409607296 7096724 88294967296
967296 2941967296 4294967293 4294967296 4294967296
429496 1429296 4294967296 4294967 4294967296
7296 4294967296 4294967296 4294967296 67296
N = 6
2 0 5 4 9 1
3 3 5 8 3 6
8 7 0 5 8 0
0 8 5 0 7 8
6 3 8 5 3 3
1 9 4 5 0 2
N = 7
1 9 2 3 5 4 2
2 9 9 9 3 8 8
6 7 0 5 1 6 8
4 8 0 0 7 6 3
8 3 9 9 9 5 1
8 9 6 2 9 9 2
8 6 3 4 1 3 8
N = 8
6 4 0 9 6 0 2 2
4 7 1 4 8 8 2 6
7 3 3 5 0 3 4 9
8 5 8 9 8 2 3 1
1 3 2 8 9 8 5 8
9 4 3 0 5 3 3 7
6 2 8 8 4 1 7 4
2 2 0 6 9 0 4 6
N = 10
1 2 3 4 5 6 7 8 9 10
11 12 13 14 15 16 17 18 19 20
21 22 23 24 25 26 27 28 29 30
31 32 33 34 35 36 37 38 39 40
41 42 43 44 45 46 47 48 49 50
51 52 53 54 55 56 57 58 59 60
61 62 63 64 65 66 67 68 69 70
71 72 73 74 75 76 77 78 79 80
81 82 83 84 85 86 87 88 89 90
91 92 93 94 95 96 97 98 99 100
N = 11
0 0 6 0 2 1 1 0 0 0 9
0 0 0 0 0 2 5 4 0 0 3
0 0 8 0 6 0 4 6 0 2 0
0 9 0 0 8 0 4 2 0 2 7
0 0 0 0 6 8 0 0 0 0 0
3 8 1 0 7 0 0 7 0 0 3
0 8 0 1 7 8 6 8 0 0 0
7 2 0 0 0 0 0 9 9 9 2
3 2 3 0 4 8 0 6 8 8 0
3 3 0 0 5 0 0 0 4 3 8
9 2 0 6 1 0 0 0 6 9 0
N = 12
3 8 0 0 0 0 1 0 7 3 0 0
8 0 0 0 0 0 1 9 2 0 9 5
0 3 0 9 2 4 0 1 7 0 2 0
8 6 0 0 6 0 0 0 5 0 1 3
0 8 4 0 2 0 5 0 6 0 0 0
0 8 0 0 4 0 0 0 0 7 0 1
2 3 8 0 0 8 4 0 0 7 9 0
7 4 0 0 0 0 0 0 4 8 0 0
4 0 2 8 9 0 4 0 0 0 0 0
0 0 8 6 0 0 0 1 0 2 0 4
0 5 0 3 8 0 0 0 0 8 0 9
0 0 2 0 3 0 0 0 9 7 0 1
N = 13
5 2 2 4 9 2 0 4 9 8 4 3 6
7 9 9 8 0 1 3 0 8 4 6 2 2
0 9 5 9 3 2 2 9 0 0 7 2 0
2 2 7 8 8 7 2 3 6 8 5 7 4
9 0 2 4 9 3 6 2 9 0 8 6 1
1 7 2 3 1 1 7 2 5 9 2 0 3
7 4 7 1 9 6 3 6 9 1 7 4 7
3 0 2 9 5 2 7 1 1 3 2 7 1
1 6 8 0 9 2 6 3 9 4 2 0 9
4 7 5 8 6 3 2 7 8 8 7 2 2
0 2 7 0 0 9 2 2 3 9 5 9 0
2 2 6 4 8 0 3 1 0 8 9 9 7
6 3 4 8 9 4 0 2 9 4 2 2 5
N = 16
3 5 3 8 5 3 4 9 2 6 7 6 2 9 9 7
0 1 2 5 6 7 9 5 7 9 1 8 0 0 2 4
3 4 7 2 2 6 2 7 2 7 3 7 2 0 6 0
0 5 1 1 1 9 2 9 0 1 3 5 6 8 1 0
2 6 9 7 2 1 2 8 9 7 9 5 4 8 3 0
9 1 9 5 6 0 3 6 6 3 8 1 7 2 6 0
9 1 7 5 8 7 0 6 2 4 9 3 9 6 6 3
6 9 8 4 1 9 1 8 6 4 4 4 7 8 3 6
6 3 8 7 4 4 4 6 8 1 9 1 4 8 9 6
3 6 6 9 3 9 4 2 6 0 7 8 5 7 1 9
0 6 2 7 1 8 3 6 6 3 0 6 5 9 1 9
0 3 8 4 5 9 7 9 8 2 1 2 7 9 6 2
0 1 8 6 5 3 1 0 9 2 9 1 1 1 5 0
0 6 0 2 7 3 7 2 7 2 6 2 2 7 4 3
4 2 0 0 8 1 9 7 5 9 7 6 5 2 1 0
7 9 9 2 6 7 6 2 9 4 3 5 8 3 5 3
N = 18
0 8 2 0 0 0 3 0 0 6 9 0 7 4 0 8 8 7
3 0 8 7 0 0 0 0 7 1 5 3 0 0 0 0 0 5
4 6 0 0 1 7 4 0 9 0 0 0 6 7 7 0 0 4
7 0 7 1 7 5 0 6 0 0 8 0 0 0 2 0 0 8
3 0 0 6 0 0 0 0 1 8 0 0 0 8 0 0 0 9
4 2 9 2 0 2 0 0 3 0 0 0 9 0 0 0 0 6
0 0 5 0 9 0 5 5 0 0 0 4 0 0 0 0 0 0
0 0 7 0 3 5 0 7 0 0 0 0 9 0 0 6 0 0
0 0 0 0 7 0 0 0 0 0 9 1 0 0 6 0 8 0
7 0 2 6 3 0 1 0 2 6 0 3 0 7 9 1 0 5
0 7 6 2 8 9 1 6 0 0 7 0 5 0 0 0 0 0
0 0 0 0 3 0 0 0 3 0 5 0 9 0 5 0 0 0
6 6 5 0 4 9 0 0 5 0 0 1 2 9 0 0 0 4
9 6 5 7 0 5 7 0 8 1 3 4 0 0 6 7 0 0
0 0 0 0 0 0 0 0 0 1 6 6 0 7 0 0 0 7
0 0 3 0 7 6 0 6 2 0 1 0 7 0 0 2 0 0
5 0 5 1 3 0 3 0 1 7 3 4 3 2 7 0 0 0
0 8 8 0 0 0 0 0 6 0 0 0 0 0 0 2 0 0
N = 22
8 0 2 0 8 8 2 2 8 9 5 2 9 5 9 1 2 6 9 0 6 3
1 1 7 6 5 0 9 7 7 9 2 8 9 0 2 4 2 2 5 0 8 2
0 3 7 0 2 3 2 0 8 3 8 5 2 5 6 5 2 1 8 6 9 5
1 4 6 9 0 8 8 4 3 3 6 5 6 3 7 5 0 5 8 7 7 0
7 6 1 5 5 9 4 9 2 1 1 8 5 1 7 8 9 4 7 7 7 6
1 8 8 4 6 8 8 7 8 8 5 1 3 8 3 0 3 8 9 3 3 8
2 4 2 2 3 6 8 2 6 9 9 1 0 2 3 1 5 4 4 3 8 0
8 2 0 5 6 3 3 9 6 1 6 0 3 4 7 0 4 0 4 2 4 7
0 9 2 2 4 0 1 2 3 8 6 2 7 1 9 9 3 5 2 7 7 1
4 3 1 3 2 0 9 8 6 8 6 0 4 7 7 1 5 1 4 4 0 1
6 3 6 2 7 6 5 8 1 8 2 3 2 3 4 0 8 6 9 8 2 1
1 2 8 9 6 8 0 4 3 2 3 2 8 1 8 5 6 7 2 6 3 6
1 0 4 4 1 5 1 7 7 4 0 6 8 6 8 9 0 2 3 1 3 4
1 7 7 2 5 3 9 9 1 7 2 6 8 3 2 1 0 4 2 2 9 0
7 4 2 4 0 4 0 7 4 3 0 6 1 6 9 3 3 6 5 0 2 8
0 8 3 4 4 5 1 3 2 0 1 9 9 6 2 8 6 3 2 2 4 2
8 3 3 9 8 3 0 3 8 3 1 5 8 8 7 8 8 6 4 8 8 1
6 7 7 7 4 9 8 7 1 5 8 1 1 2 9 4 9 5 5 1 6 7
0 7 7 8 5 0 5 7 3 6 5 6 3 3 4 8 8 0 9 6 4 1
5 9 6 8 1 2 5 6 5 2 5 8 3 8 0 2 3 2 0 7 3 0
2 8 0 5 2 2 4 2 0 9 8 2 9 7 7 9 0 5 6 7 1 1
3 6 0 9 6 2 1 9 5 9 2 5 9 8 2 2 8 8 0 2 0 8
N = 23
35 1 11 4 28 27 19 27 15 11 35 14 4 26 1 33 18 10 12 1 3 15 1381922
15 14 26 24 26 39 25 22 15 11 24 39 29 26 15 18 23 17 14 15 36 3 22
163 14 16 28 367 418 14 32 25 23 413 13 20 23 6 3 3 3 39 25 27 39 14
3666 20 30 13 30 26 11 35 39 25 16 28 11 10 31 18 34 3 29 21 34 19 13
329 35 19 28 33 27 38 12 5 36 36 13 12 20 33 14 10 31 22 26 20 19 39
128 33 26 29 27 16 19 29 17 13 29 12 16 25 32 12 36 36 13 34 35 25 6
33 33 15 28 32 6 22 12 38 22 33 38 21 22 2 1 31 20 35 26661 26 1 37
2166 28 22 34 29 32 23 35 14 34 13 22 18 0 14 39 11 10 24 23 28 32 32
17 17 29 27 1 39 37 217 20 25 31 19 34 20 35 34 27 16 10 32 30 21 2
30 22 14 16 33 35 15 1 14 39 10 28 10 29 35 26 15 21 26 29 31 16 15
147 12 36 24 22 32 3 38 28 26 17 10 13 38 23 21 36 33 24 27 29 26 15
260 26 14 32 7 21 135 10 12 0 34 21 34 10 12 10 15 21 37 32 14 26 20
15 26 29 27 24 33 36 21 23 38 1 10 17 26 28 38 39 32 22 24 36 12 14
15 16 31 29 26 1 15 26 35 29 10 28 0 379 14 11 15 35 33 16 14 22 30
24 21 30 32 1 16 27 34 35 20 34 19 31 25 20 17 37 39 21 27 29 17 17
32 32 28 23 24 10 11 39 14 10 18 22 13 34 14 35 23 32 9 34 22 28 21
357 17 26 21 35 0 31 10 22 22 2551 38 33 22 38 12 2 26 32 8 125 33 33
26 25 35 34 13 36 36 12 32 25 16 12 29 13 17 29 19 16 27 9 26 33 28
9 19 20 26 2 31 10 14 33 20 12 13 36 36 30 12 38 27 33 28 19 35 30459
13 19 34 21 29 537 354 18 31 10 11 28 16 25 39 35 11 26 30 3 30 20 36
4 39 27 25 39 30 37 39 26 23 0 1 13 23 5 3456242 14 18 37 28 16 14 16
36522 38 36 15 1 17 23 18 15 26 29 39 24 11 15 22 25 39 26 24 2 14 15
2 15 39 31 12 0 18 313 6 26 324 4 35 11 50 2337 19 27 28 14 161 12 35
N = 55
1 5 2 3 2 1 5 4 0 6 0 9 5 6 3 1 5 1 3 5 3 0 3 2 0 5 2 4 5 7 2 5 3 7 5 7 1 6 0 0 3 7 4 4 7 1 9 3 8 9 6 4 6 7 8
2 1 0 5 6 5 1 7 6 9 2 4 3 5 1 7 6 2 4 3 3 6 0 7 2 7 7 6 3 4 6 5 8 2 3 2 0 2 2 6 8 7 5 4 9 3 5 2 8 3 4 3 4 0 7
0 6 0 6 1 1 6 2 5 3 7 1 9 5 5 7 1 5 5 5 3 8 5 5 8 5 7 4 2 2 3 1 8 5 7 2 4 0 7 5 9 5 4 3 9 9 6 4 9 7 9 9 9 0 8
8 6 1 6 6 5 0 1 7 1 0 0 4 3 5 1 8 9 2 5 2 9 8 1 8 7 3 1 2 0 1 1 6 0 4 0 7 3 2 6 5 6 3 1 2 8 8 1 4 7 8 4 7 3 8
1 1 0 7 5 7 3 5 2 8 0 4 6 5 2 0 2 1 3 1 3 0 0 7 3 1 7 1 3 3 9 9 7 3 3 6 7 2 8 0 7 1 0 1 7 5 4 6 3 4 4 8 9 3 0
0 8 7 1 1 0 3 0 5 2 0 3 0 6 4 3 4 9 0 1 8 9 7 2 8 1 4 7 3 0 4 2 7 9 5 0 6 1 7 6 6 3 8 9 2 7 0 5 9 1 8 0 6 8 3
4 0 8 4 9 4 6 5 6 9 2 9 9 3 9 2 3 8 0 4 6 2 1 9 8 5 2 4 7 5 5 7 0 2 2 1 0 5 9 5 3 6 3 4 2 2 1 6 7 8 5 4 3 8 8
8 9 7 8 3 8 0 7 2 7 7 9 8 4 7 0 6 7 5 5 9 3 9 2 9 5 0 7 9 8 1 6 8 7 9 5 0 5 9 5 2 1 9 7 0 0 2 4 7 0 2 3 7 5 0
0 0 9 5 1 6 7 1 4 2 5 6 7 9 5 4 2 5 3 0 3 0 7 5 8 8 6 2 0 1 6 7 4 0 1 8 7 3 0 3 1 7 3 1 2 5 2 5 8 6 5 8 2 9 5
8 2 4 6 7 9 4 6 6 4 3 3 1 4 4 6 6 1 6 1 8 8 8 0 6 9 7 9 3 8 9 0 6 9 6 7 5 0 9 4 9 2 5 3 6 7 9 4 2 5 7 1 1 7 0
4 1 0 3 4 1 0 7 1 9 4 2 9 9 1 5 4 2 8 3 2 8 2 6 2 2 8 5 4 5 7 0 3 9 4 9 4 4 9 2 2 1 5 5 2 1 7 2 3 9 7 3 5 8 6
4 0 5 4 1 3 9 2 1 7 2 4 1 9 9 9 5 9 4 6 1 4 8 9 1 5 3 5 6 7 0 0 0 0 4 0 6 9 3 1 7 0 7 4 4 2 2 5 1 1 2 0 9 4 6
4 7 0 6 4 5 4 5 6 2 1 2 1 9 6 2 5 9 3 1 4 4 5 4 9 5 4 4 2 7 8 4 4 9 1 4 5 9 8 7 2 3 4 3 9 1 5 8 3 9 6 8 8 4 2
6 0 2 4 5 6 8 8 0 1 2 8 1 5 5 8 6 5 9 0 4 1 5 2 9 5 8 5 0 6 8 6 8 7 0 4 9 2 9 1 6 7 1 9 7 0 6 8 6 8 4 0 3 8 5
7 9 5 8 8 7 8 3 3 6 6 8 4 1 4 3 5 6 4 1 7 8 3 5 6 1 2 2 5 8 2 0 7 0 8 4 2 1 4 6 0 4 6 0 7 1 2 5 5 6 2 8 6 8 4
0 5 9 9 1 8 1 5 3 4 8 7 5 6 7 6 4 9 0 4 8 5 7 7 4 8 9 3 9 0 6 8 6 7 2 4 6 0 6 4 9 4 0 7 0 9 9 8 6 0 3 4 9 0 9
4 5 1 2 7 6 0 8 6 7 3 7 4 5 4 5 4 1 9 4 0 2 8 5 3 7 0 1 5 6 7 1 7 6 2 7 4 5 3 8 8 5 7 8 1 7 4 4 8 0 8 1 9 9 4
4 8 0 1 6 9 7 4 6 8 8 7 5 9 9 1 4 1 5 3 5 6 9 2 1 4 9 2 2 7 2 8 4 0 9 2 2 3 8 9 2 9 6 6 6 5 3 2 2 2 0 0 2 7 9
2 7 7 0 1 9 4 5 5 1 3 7 9 3 2 8 3 0 3 1 7 4 7 9 8 6 4 4 4 5 3 5 7 6 8 8 9 0 9 2 0 3 1 1 4 5 8 1 2 7 0 6 0 7 3
5 5 4 3 1 9 0 5 9 2 7 3 5 2 6 8 0 9 9 1 2 6 8 2 2 8 7 0 0 9 9 1 8 7 2 7 2 8 7 7 7 1 1 5 8 7 0 5 6 8 1 4 3 3 0
4 3 6 4 6 6 8 1 6 4 4 3 5 7 6 9 0 4 8 2 2 5 1 8 1 1 0 3 4 7 9 1 9 2 1 0 7 8 5 1 3 4 7 3 8 3 9 9 8 9 1 6 5 7 1
1 0 2 6 0 6 3 5 8 0 6 9 5 9 9 1 2 0 3 7 9 2 8 9 1 2 6 9 4 6 3 6 3 2 1 1 6 7 0 5 9 2 8 6 8 4 1 3 7 0 2 9 6 4 0
4 2 1 4 5 3 2 7 1 8 1 6 1 1 2 7 9 1 3 8 7 2 9 4 6 0 6 4 1 6 7 3 8 4 7 3 2 7 2 0 7 2 2 3 4 1 3 6 4 7 9 4 6 5 2
7 8 1 6 4 7 9 9 1 8 1 1 1 3 7 6 4 1 9 2 5 8 0 8 6 0 8 0 7 5 8 1 3 1 2 9 7 0 6 9 9 7 5 6 0 9 9 9 2 2 1 7 8 9 9
0 0 4 9 4 1 4 5 2 6 6 7 8 1 1 4 8 0 7 4 0 0 7 7 8 2 8 6 4 4 7 3 6 7 9 2 3 3 4 0 6 6 7 5 7 9 8 7 4 8 2 5 5 2 0
1 4 3 3 8 8 7 0 4 5 6 0 8 0 2 3 7 8 6 0 9 7 9 1 8 4 8 0 8 1 0 9 7 7 6 0 1 1 2 9 3 5 7 1 2 8 7 7 6 6 4 6 5 9 0
6 3 6 6 4 2 5 5 2 9 5 6 5 6 0 5 9 8 9 3 7 4 2 5 3 5 6 5 0 8 3 2 7 8 7 8 9 4 3 4 5 8 7 0 4 3 7 1 2 7 7 2 3 9 4
8 2 5 4 9 0 2 9 1 5 5 4 4 7 2 9 7 9 8 2 4 2 0 7 2 8 4 2 4 8 2 7 0 2 4 2 8 9 7 9 2 7 4 4 5 5 1 9 2 0 9 4 5 2 8
4 9 3 2 7 7 2 1 7 3 4 0 7 8 5 4 3 4 9 8 7 8 7 2 3 8 0 5 6 5 3 5 2 4 7 3 9 8 9 5 0 6 5 6 5 9 2 5 5 2 4 6 6 3 6
0 9 5 6 4 6 6 7 7 8 2 1 7 5 3 9 2 1 1 0 6 7 7 9 0 1 8 0 8 4 8 1 9 7 9 0 6 8 7 3 2 0 8 0 6 5 4 0 7 8 8 3 3 4 1
0 2 5 5 2 8 4 7 8 9 7 5 7 6 6 0 4 3 3 2 9 7 6 3 7 4 4 6 8 2 8 7 7 0 0 4 7 0 8 4 1 1 8 7 6 6 2 5 4 1 4 9 4 0 0
9 9 8 7 1 2 2 9 9 9 0 6 5 7 9 9 6 0 7 9 2 1 3 1 8 5 7 0 8 0 6 8 0 8 5 2 9 1 4 6 7 3 1 1 1 8 1 9 9 7 4 6 1 8 7
2 5 6 4 9 7 4 6 3 1 4 3 2 2 7 0 2 7 2 3 7 4 8 3 7 6 1 4 6 0 6 4 9 2 7 8 3 1 9 7 2 1 1 6 1 8 1 7 2 3 5 4 1 2 4
0 4 6 9 2 0 7 3 1 4 8 6 8 2 9 5 0 7 6 1 1 2 3 6 3 6 4 9 6 2 1 9 8 2 9 7 3 0 2 1 9 9 5 9 6 0 8 5 3 6 0 6 2 0 1
1 7 5 6 1 9 8 9 9 3 8 3 7 4 3 1 5 8 7 0 1 2 9 1 9 7 4 3 0 1 1 8 1 5 2 2 8 4 0 9 6 7 5 3 4 4 6 1 8 6 6 4 6 3 4
0 3 3 4 1 8 6 5 0 7 8 5 1 1 7 7 7 8 2 7 2 7 8 1 9 9 0 0 7 8 2 2 8 6 2 1 9 9 0 8 6 2 5 3 7 2 9 5 0 9 1 3 4 5 5
3 7 0 6 0 7 2 1 8 5 4 1 1 3 0 2 9 0 9 8 8 6 7 5 3 5 4 4 4 6 8 9 7 4 7 1 3 0 3 8 2 3 9 7 3 1 5 5 4 9 1 0 7 7 2
9 7 2 0 0 2 2 2 3 5 6 6 6 9 2 9 8 3 2 2 9 0 4 8 2 7 2 2 9 4 1 2 9 6 5 3 5 1 4 1 9 9 5 7 8 8 6 4 7 9 6 1 0 8 4
4 9 9 1 8 0 8 4 4 7 1 8 7 5 8 8 3 5 4 7 2 6 7 1 7 6 5 1 0 7 3 5 8 2 0 4 9 1 4 5 4 5 4 7 3 7 6 8 0 6 7 2 1 5 4
9 0 9 4 3 0 6 8 9 9 0 7 0 4 9 4 6 0 6 4 2 7 6 8 6 0 9 3 9 8 4 7 7 5 8 4 0 9 4 6 7 6 5 7 8 4 3 5 1 8 1 9 9 5 0
4 8 6 8 2 6 5 5 2 1 7 0 6 4 0 6 4 1 2 4 8 0 7 0 2 8 5 2 2 1 6 5 3 8 7 1 4 6 5 3 4 1 4 8 6 6 3 3 8 7 8 8 5 9 7
5 8 3 0 4 8 6 8 6 0 7 9 1 7 6 1 9 2 9 4 0 7 8 6 8 6 0 5 8 5 9 2 5 1 4 0 9 5 6 8 5 5 1 8 2 1 0 8 8 6 5 4 2 0 6
2 4 8 8 6 9 3 8 5 1 9 3 4 3 2 7 8 9 5 4 1 9 4 4 8 7 2 4 4 5 9 4 5 4 4 1 3 9 5 2 6 9 1 2 1 2 6 5 4 5 4 6 0 7 4
6 4 9 0 2 1 1 5 2 2 4 4 7 0 7 1 3 9 6 0 4 0 0 0 0 7 6 5 3 5 1 9 8 4 1 6 4 9 5 9 9 9 1 4 2 7 1 2 9 3 1 4 5 0 4
6 8 5 3 7 9 3 2 7 1 2 5 5 1 2 2 9 4 4 9 4 9 3 0 7 5 4 5 8 2 2 6 2 8 2 3 8 2 4 5 1 9 9 2 4 9 1 7 0 1 4 3 0 1 4
0 7 1 1 7 5 2 4 9 7 6 3 5 2 9 4 9 0 5 7 6 9 6 0 9 8 3 9 7 9 6 0 8 8 8 1 6 1 6 6 4 4 1 3 3 4 6 6 4 9 7 6 4 2 8
5 9 2 8 5 6 8 5 2 5 2 1 3 7 1 3 0 3 7 8 1 0 4 7 6 1 0 2 6 8 8 5 7 0 3 0 3 5 2 4 5 9 7 6 5 2 4 1 7 6 1 5 9 0 0
0 5 7 3 2 0 7 4 2 0 0 7 9 1 2 5 9 5 0 5 9 7 8 6 1 8 9 7 0 5 9 2 9 3 9 5 5 7 6 0 7 4 8 9 7 7 2 7 0 8 3 8 7 9 8
8 8 3 4 5 8 7 6 1 2 2 4 3 6 3 5 9 5 0 1 2 2 0 7 5 5 7 4 2 5 8 9 1 2 6 4 0 8 3 2 9 3 9 9 2 9 6 5 6 4 9 4 8 0 4
3 8 6 0 8 1 9 5 0 7 2 9 8 3 6 6 7 1 6 0 5 9 7 2 4 0 3 7 4 1 8 2 7 9 8 1 0 9 4 3 4 6 0 3 0 2 5 0 3 0 1 1 7 8 0
0 3 9 8 4 4 3 6 4 5 7 1 0 1 7 0 8 2 7 6 3 3 7 9 9 3 3 1 7 1 3 7 0 0 3 1 3 1 2 0 2 5 6 4 0 8 2 5 3 7 5 7 0 1 1
8 3 7 4 8 7 4 1 8 8 2 1 3 6 5 6 2 3 7 0 4 0 6 1 1 0 2 1 3 7 8 1 8 9 2 5 2 9 8 1 5 3 4 0 0 1 7 1 0 5 6 6 1 6 8
8 0 9 9 9 7 9 4 6 9 9 3 4 5 9 5 7 0 4 2 7 5 8 1 3 2 2 4 7 5 8 5 5 8 3 5 5 5 1 7 5 5 9 1 7 3 5 2 6 1 1 6 0 6 0
7 0 4 3 4 3 8 2 5 3 9 4 5 7 8 6 2 2 0 2 3 2 8 5 6 4 3 6 7 7 2 7 0 6 3 3 4 2 6 7 1 5 3 4 2 9 6 7 1 5 6 5 0 1 2
8 7 6 4 6 9 8 3 9 1 7 4 4 7 3 0 0 6 1 7 5 7 3 5 2 7 5 4 2 5 0 2 3 0 3 5 3 1 5 1 3 6 5 9 0 6 0 4 5 1 2 3 2 5 1