5
8391 9822
2061 -2365
-8831 -9424
-3108 -9088
886 -573
3
3 4
1 5
2 4
6
-2799 5502
5447 -9548
-6575 8638
5367 -3057
1124 -3362
2833 -3
6
1 2
3 4
2 6
1 5
5 6
4 5
12
-8546 4075
-4411 6533
163 4357
-8410 -8888
2257 -2997
-8766 6372
-5180 1407
-62 4214
2328 6187
-1917 2562
6954 8777
-352 -1005
12
3 5
7 10
5 10
6 8
8 11
1 3
7 12
9 11
4 5
4 10
4 11
4 6
20
-6229 -6493
3557 -8475
-5189 1006
-2063 -3030
7488 3230
-1674 9218
869 -3274
-5543 7214
-4815 3377
1152 -1428
-7435 7852
-7478 -3933
6119 4092
-5082 6141
-5142 -408
426 -9805
-4403 1744
-7990 -6315
-3072 3872
-33 -4715
15
12 20
2 19
9 14
1 8
6 12
2 13
1 9
9 12
14 19
1 11
10 11
4 17
11 20
7 10
2 11
40
-6057 9204
-5891 8934
-9552 9305
9404 -1841
8479 9863
-1563 1257
-6836 -9668
-6108 9236
-7412 8935
6484 825
-5685 -3
-716 -1588
7248 -984
2087 3416
8824 -4732
-8001 -1833
-566 7812
-6346 607
-8650 -9012
-2537 9611
-6655 -8613
-8012 -8230
985 1124
6243 -8113
9173 -2283
5330 -3938
1305 -5206
75 -273
5441 -1037
-6562 -4028
-5932 -7974
3449 -3809
-4064 -9874
828 -3102
1326 6562
-8234 9156
3643 6312
8884 -5357
1128 -7860
-2421 -8256
12
5 35
3 4
11 20
10 17
4 39
13 34
11 12
6 17
3 36
10 27
22 31
24 37
50
-7312 3600
4418 -1116
513 3943
5546 7356
2492 -7347
4153 -5855
293 -7893
-1161 -9946
9473 -2293
4584 324
-1536 -6262
5431 -4159
6607 -5887
3321 1822
-6998 -9276
-271 8561
-6758 7201
6130 -5944
-8502 9565
9710 -3869
-3939 -3444
167 -9919
-5006 -1543
-6510 -3251
-6778 -2977
3913 5221
9445 -7429
-9749 -4019
-5625 -3886
-430 1745
-2888 -1575
-4076 -7141
4015 7707
8186 7284
-9860 -84
-8035 2315
-3681 -798
-8291 -9306
-3731 -2409
5224 9276
-4980 -6934
2098 5320
-7477 -777
-1243 -6783
-2894 2760
9433 -9767
9218 -4634
3205 -2636
-1429 -4773
-8152 3982
30
12 40
7 23
30 47
14 15
6 9
41 44
18 35
16 35
6 22
19 27
8 47
10 40
22 36
25 26
11 28
15 24
12 29
11 25
22 24
2 7
33 48
34 36
30 44
13 33
20 40
13 44
27 29
35 49
31 35
21 42
75
-1070 -2218
-2815 -7767
2499 1684
-6084 -6323
9223 -8134
-5389 7153
-1129 3827
-9921 -750
921 -9659
-7754 8391
-306 -9241
-6025 -4479
-6408 5915
2456 -6464
-7217 6935
9668 9645
-2697 -6985
-3146 7834
-3624 -696
7553 6916
-3528 4812
-2042 9544
1936 8835
6102 1707
9249 1371
-566 4232
8999 -1249
8650 9377
3871 6696
9520 -3759
2779 -4202
-7099 2343
-6865 976
-2323 -8110
7856 3446
7931 -6789
-4854 5640
-3106 -3902
656 -5722
6738 268
2428 -9369
-3555 -2193
-2452 1585
-372 211
7800 -4229
-2002 -1372
8078 -4721
-8300 527
-5350 -1098
5592 -2461
-8950 -4735
-3966 853
-4418 -7602
-5767 -6202
8303 6440
-9492 7296
-8459 2400
8299 -9432
-8490 37
-284 1518
8021 -6836
666 -4627
-574 2478
8985 7165
-5538 -9346
6306 -5710
8906 -3511
1703 -7004
1040 -851
-822 680
7976 -1607
-3435 -2556
3695 -4892
-1054 -205
825 -1080
0
125
1710 -7219
2099 8501
7489 863
-2911 3334
325 -3506
4042 6601
810 -6254
8747 4303
-5060 -8836
-4209 8042
-646 3698
-1210 59
-2386 -7113
-6586 -3556
6118 31
-9915 -5015
9933 2630
5067 -7512
7279 2004
-8036 -493
-2211 7547
-8728 -1118
-9852 -3387
5801 4765
1845 8878
4576 -5704
-6643 7381
-7440 -1092
-405 -8784
-6085 -4178
-2321 -3211
-4664 -3336
6580 4790
-3216 9590
-4162 8319
-6271 -1505
9177 4622
9824 -234
9570 -1067
8948 -828
7192 -9810
-7882 -2632
-5146 1532
7294 -7588
1752 2649
6422 4258
457 7298
-5863 6687
1248 1138
-1785 5192
-6731 3429
-9198 -6295
6608 4050
-3488 -858
3814 3095
-3923 7035
-2013 -3783
-5174 -6986
-9695 1797
4783 6064
3251 1637
4329 -7490
4390 -1095
3409 3061
-8120 2751
-4556 4521
5120 -8783
6333 1821
3653 5401
5570 -7727
-3999 2827
-2877 8111
2443 4007
-3744 8558
-836 2032
4000 -1479
7976 -9285
-9189 4904
1744 1059
-9854 6225
-7429 6027
9595 3998
1516 -3269
6374 3172
-3844 -3975
4670 1321
4046 9818
-8387 -7107
-2237 4204
-1573 -5102
100 7390
4463 8561
4179 2129
720 559
1322 -446
-6784 3260
467 9479
4434 -6496
-8403 57
332 7784
-6666 6095
-4770 6890
211 658
425 66
3212 9261
6296 7740
-2580 -2708
-1028 -4285
-4120 -1407
-3732 3451
7267 2902
-2489 -1857
-9677 -4940
-6946 1634
8262 -1685
6168 -1413
-4039 -7726
7535 -3120
3487 1331
-9342 7857
5012 -9164
667 6061
-463 7100
-4198 -2291
1090 5630
125
34 42
71 81
17 88
78 89
86 122
6 35
29 72
12 64
30 96
17 105
7 97
24 76
35 107
34 45
42 111
78 112
72 79
27 92
50 108
1 32
93 122
60 117
10 81
68 95
70 104
2 26
18 91
10 79
14 73
71 119
70 84
59 66
65 124
81 82
49 73
60 124
52 86
13 28
8 33
88 122
21 101
54 105
16 100
78 79
88 110
33 48
45 68
83 123
96 100
94 106
48 56
42 87
38 73
72 93
52 95
9 16
6 44
32 67
38 102
2 38
64 117
22 85
14 69
21 44
22 81
47 65
16 35
62 81
29 80
26 105
40 77
30 40
9 61
43 67
79 89
18 85
29 58
113 116
49 101
4 114
26 104
9 70
92 121
5 65
5 46
32 119
7 18
19 30
28 37
76 86
64 67
2 90
48 125
12 65
85 125
8 56
34 94
67 72
95 106
2 39
77 81
10 35
53 117
53 66
52 72
68 97
46 63
87 99
44 72
4 122
85 108
26 120
12 123
77 83
46 123
64 79
69 114
1 74
69 94
84 124
83 106
8 120
41 113
70 117
8 107
250
9181 -4807
-1164 764
3887 5365
-8021 -8591
2737 -8351
-583 6372
3668 7386
9905 -2536
-4888 5857
13 -2588
-926 -8161
4685 1624
1759 4721
9352 9785
-6524 396
2339 -3575
-2983 -3320
-9725 9757
-8122 -9479
211 5983
1955 9832
-6510 -7590
5328 5729
4542 8617
1384 6358
-9610 786
298 -1237
4527 4078
-9112 -8845
-6944 2504
6681 -6494
9495 -4253
9876 -5889
869 7156
-7205 -6665
7308 -669
-4502 6906
2312 4587
7866 610
-2947 8125
7884 4694
-3676 -5905
2879 3460
3857 -9139
4776 9918
7591 2862
9975 -909
-7870 -6107
5662 -2048
101 -8820
4174 1943
-6706 4388
363 5491
-9922 3606
-1604 -5185
-8681 -442
3966 4077
-4059 -2125
-4718 -6448
-350 5908
5884 -4212
2799 4031
3791 -3232
1278 9147
5337 1300
3002 4679
7230 -6366
-5564 6838
5944 -6987
6942 -5899
8978 -2156
-3590 6231
4430 -7151
-6098 1677
2261 -1891
-194 -4595
542 -154
2218 -4880
-7616 -6978
4181 1991
-8129 6177
-9215 1473
911 3964
6608 -6796
8831 -842
786 -7727
-6447 -460
3842 -8447
1139 5400
-330 -3700
320 579
7365 1194
6800 3164
-15 -1858
-3401 -7105
6045 9974
3727 -6302
9293 5429
-3904 1644
3185 9496
-3797 -4731
5389 6903
4427 2599
3963 -1704
-110 -4434
3093 -2754
-3274 -5887
-6217 -9892
3157 8468
2696 4572
2240 5278
9024 -869
5809 -6651
5459 -6078
1095 9378
8803 1067
8344 2104
4076 6336
-9233 -5301
6948 1855
-8052 -21
-138 -345
6400 2129
-8262 -3877
-1814 7448
2335 9666
1280 2420
-2855 2417
-5276 3263
473 2048
-1492 4391
1537 4080
1073 5549
7100 4507
774 886
-681 7887
-362 -6898
6354 2140
-1253 5597
-8309 -9609
3022 2204
-9337 7328
1007 -9172
-6363 -5150
7519 7663
-9575 8204
530 9338
-2958 -8196
-6153 -6299
1378 7127
-1739 -5223
3724 -3849
2044 -4298
-9316 -8443
-4536 8472
5414 9821
5463 4988
-7313 6955
-3157 -5
3308 -6553
-9519 -8865
6503 -3351
-9422 -209
3757 -6220
-6700 -1301
-4366 7489
1658 -4638
6706 9039
-5439 -757
-6451 8426
3445 1376
-5515 7699
4817 1102
1107 -7879
9751 5155
-9151 -9463
2276 9066
8010 -9934
312 2855
-3614 9339
6071 7467
2510 4010
-8584 8661
3734 7772
-5847 -4407
3107 8309
4356 6786
1235 7531
-1615 -7936
3730 5902
-1132 6505
4410 -3526
-9274 -4011
-5317 5423
-8289 4396
3670 2647
-8814 -1937
-3198 2537
946 5773
-2683 6591
891 3015
9177 4676
8153 -2849
7360 -7020
-2794 7687
1869 -2173
-6497 -5962
4399 -8388
-4520 -9360
931 8461
-3417 -8455
2867 -5275
8182 2879
248 -764
-2560 -8675
3048 5939
-1062 -5383
-5314 2296
9111 6558
-1474 -1278
3905 -8355
2734 8896
-6226 8371
9833 6036
871 8395
7045 -2646
-7076 -4048
-752 7319
-768 5428
9585 -3806
-5666 89
-6837 2221
7670 2418
7854 -1997
-1109 3974
5932 5654
139 -9789
-1771 6974
813 3536
-8819 54
-5072 9539
2364 8549
-5168 5200
976 -469
-4090 2260
1854 1458
-6487 -4309
3923 -5189
-9724 -3514
5096 2330
250
82 195
155 164
148 248
119 149
33 244
133 196
34 46
14 213
7 131
162 200
126 236
101 243
150 205
158 186
20 166
30 243
157 176
51 74
32 55
27 111
64 86
146 202
70 149
2 182
114 121
136 247
75 215
20 66
119 133
145 223
157 235
134 216
71 161
150 163
51 57
141 250
76 218
65 73
66 209
21 186
139 187
28 63
180 227
12 111
50 88
105 187
124 220
101 107
113 116
173 189
60 242
41 164
5 49
42 170
30 114
132 138
85 200
63 70
84 151
66 187
128 226
157 250
166 190
58 215
199 202
114 246
56 100
52 149
36 81
3 36
16 60
106 186
20 41
26 75
35 225
8 113
193 244
62 244
182 203
9 149
49 158
92 123
74 188
117 223
135 249
82 149
23 29
97 242
36 197
62 159
23 59
98 217
18 240
9 167
136 246
51 117
127 203
62 143
67 131
132 158
114 217
108 222
231 232
164 210
59 205
232 248
7 53
163 204
63 201
181 246
2 141
70 84
90 242
78 102
155 241
116 155
32 246
136 234
81 115
55 128
2 144
129 146
113 209
13 148
1 122
171 193
128 249
5 240
130 132
106 164
95 136
65 197
61 227
83 116
187 249
67 107
40 114
25 136
145 225
28 159
29 42
30 137
134 139
142 196
9 189
39 147
163 176
67 77
119 171
10 66
17 180
55 213
93 189
7 120
28 213
10 47
40 149
164 175
70 158
241 245
91 152
130 184
25 51
130 238
40 247
73 174
60 180
156 242
172 228
139 211
56 144
5 231
120 243
3 111
44 81
108 237
87 136
73 203
34 165
174 195
63 134
100 194
172 200
195 197
198 237
170 208
78 92
93 125
27 227
2 119
85 213
39 114
20 34
207 222
129 235
67 151
190 196
148 175
39 72
90 168
21 74
28 130
48 63
12 163
15 33
13 160
109 159
48 214
1 45
101 124
36 49
65 136
176 206
2 174
163 235
28 79
109 186
87 159
33 51
4 125
85 126
40 201
69 93
25 222
180 228
19 136
80 175
142 245
13 175
87 125
34 102
14 131
127 153
214 220
129 131
146 224
175 239
163 198
7 46
199 223
28 219
171 211
157 192
151 191
61 195
75 160
180 206
192 232
21 62
8 202
500
-4541 4305
-7199 6692
-3253 -4169
-5805 -7365
-2539 5220
565 -8581
-3121 -5327
-5173 5765
-753 -2542
-6851 5080
5450 -8200
-2984 -3828
-1646 -4389
8502 -8847
6863 5155
9581 -1760
953 7492
-6707 -604
-5850 3238
3352 -5096
9288 -2212
-8081 -5243
-7135 6730
3169 1743
-3353 -1169
-2865 1159
-924 5807
165 484
-3305 916
4589 3121
6878 2129
-5439 -9728
-5753 -9827
237 7921
45 -2179
-1286 -3341
2857 9057
-3446 -7111
-3588 -3790
1243 -7172
-8949 5412
-968 -3627
-344 -8369
-1604 7937
-313 9558
-6852 -4260
125 -614
-7630 3420
6287 4809
810 8292
7444 -1458
-7139 5654
3055 6604
-3067 -4348
954 5280
-1334 -1758
6855 -7592
2500 7211
-6749 -2235
-5469 -8508
3976 -181
-8176 8523
-4080 3638
6912 -7688
1808 -5709
-4267 -8462
-4903 -5428
-1589 -5752
7436 3677
-3438 -7445
7262 -469
-3737 8152
2719 7347
7257 7966
-2803 1204
5957 -4422
8465 3672
2695 1473
9089 3226
-2402 8739
-6277 6830
-5386 -4947
-839 -9726
-137 -9601
2269 -6517
8599 1861
9969 -9716
-3711 -6696
732 3957
1941 -393
6986 2197
-9019 -7906
9984 -6041
-9204 -1812
-6678 7080
-6836 2029
9980 405
-9906 7398
6230 -9880
-3328 3421
-5778 3630
-1020 -274
9846 782
-4261 -8149
2892 14
6443 823
6812 8490
1915 4112
9620 -7631
6445 7829
-7784 5206
3907 -6944
-1739 1209
2989 -9886
-1225 -8155
-4939 -8152
3902 -1216
1059 -4661
7648 -1943
1225 -2414
-6749 -3582
-9430 5734
5145 -7975
5492 -2940
-4607 9742
7631 -576
9350 -5180
9139 -6672
-4298 -5608
5614 -5343
6533 -1674
2811 -7500
-7369 -5920
7101 -3955
-7355 6292
-8816 -7252
876 3852
1784 -2631
-4069 -6708
-30 4716
6236 -6435
1702 6507
2400 -2023
-3381 -589
-5408 8011
1639 9186
735 7101
7845 -1927
5583 -5274
-5057 1548
4692 7320
693 -7132
8203 -2934
9515 917
-8862 -2331
-2921 -3457
-2445 -8489
-1828 4898
-1432 8872
5358 -3507
6894 6075
1113 -6931
8368 484
-717 1108
-303 5716
4530 -1596
3187 -4331
-512 -9592
2113 -9161
1571 533
-2274 8959
-8322 7760
-9123 -3978
4879 4540
8644 7605
-5204 9769
-7119 1013
-6085 -9294
4272 -763
430 -7160
9656 2417
-9052 -4951
-142 7756
-7394 495
7273 4260
2711 9018
-9083 -6879
8803 6209
-9047 -5608
-1929 408
-1179 -9605
4903 -5897
423 2536
-7719 -347
7348 -9455
-1777 -6376
2812 8206
-4857 -9014
-4741 -5148
-7185 7578
-3606 6244
2282 869
-9380 -9250
8243 -8721
665 -90
-111 -5047
-1626 5058
-3581 57
-3764 -5550
-995 6758
3608 7104
-8620 -3757
5585 1662
9671 7228
296 -3780
3203 -2296
-3278 -5304
2277 -229
6997 3116
-814 -6830
-8003 2121
-374 9957
8498 -498
6110 2436
-3139 -777
-98 4367
3436 8374
1587 7357
6330 7800
-9598 -2139
-6569 7447
-7013 -9929
2939 -3641
-18 6388
2136 -5869
1536 -2210
-2764 -8626
-7140 -7756
-9658 -7082
6401 1891
-8062 4297
-3728 -7442
-3760 6217
-1836 -2175
-4213 5182
-3648 -9240
3831 5164
-2976 -184
5581 -530
2800 -7816
-611 583
-8973 7776
1602 8110
9385 6777
538 -7910
3403 -6880
3470 -4776
258 -2151
984 5046
5679 -1248
9495 -2070
3656 -3340
5686 -2821
-2284 -5565
4025 1015
-6421 -7593
-1821 2480
-6466 4470
-8354 4980
303 -460
-5627 3178
-7962 2039
5992 -3807
-3184 337
-2034 1787
787 -6006
5282 5946
5108 -5557
3243 1194
-6085 -102
-4090 3996
4954 -9312
-2791 4475
-4522 -725
-7657 -4315
-14 -6625
-3317 -8621
-4569 -3959
5341 5228
-1269 5182
6197 1212
-5441 -7985
-3508 -6952
5469 -3871
-2534 2816
9730 -9296
-6133 412
3990 -1234
-2358 -2711
-6208 -4034
-1965 8803
1073 4275
-1057 -7126
-7370 500
9999 4405
-3147 -2537
3151 -4146
-3497 -4001
-870 3493
28 -8978
-7797 2540
-2946 1984
62 4533
-181 4220
5480 2504
-9951 7135
2002 -3207
-6943 6979
-3209 4153
-1393 7043
71 -8041
-4884 -3405
8723 2070
6639 -9728
-8955 -64
2517 -255
-6855 2058
-8757 3103
-157 -4021
-203 -4297
1847 5347
5626 5590
3832 4112
-3866 -7979
-9052 9213
-5397 8227
5023 8180
9409 8384
4362 -9227
-9785 -1119
1567 789
-7472 8791
6568 7164
-9546 7196
6897 -7442
2037 -4226
-8721 -9306
-8646 8386
3565 -8465
6419 6371
6099 9811
2024 2157
-2847 1821
9022 -1063
4439 -6457
6101 433
-5783 3540
-9907 5748
-8113 5472
215 -8636
-8108 -8326
9293 5363
354 487
-9964 9257
9154 163
-8014 6618
-1014 6734
7221 -2990
9378 -6786
-9632 8785
-449 8239
188 -8432
-7690 -9349
5892 3281
-9448 7376
-6248 3858
8514 -5062
-2109 -5692
-9654 -4984
7506 -6662
-6165 -4325
-1294 8728
-9800 6940
1102 -3561
-7951 1818
-2250 6051
-5704 5659
-3308 -568
9343 -6377
-2295 4337
-5866 9308
38 -5582
8504 6409
6663 -6642
2615 -1284
3678 9450
1754 -6391
-1463 -9077
33 -502
-278 -6760
3589 -2522
1907 -3974
-8380 7378
-2384 7840
3536 8127
-3873 -226
-5711 -6783
6525 -8467
-5708 -9095
6592 527
-7187 -1731
-9198 1699
-6833 5704
3058 -589
1694 5332
-245 -2059
-7724 4710
1483 8760
-7659 -3181
-3527 6419
2904 1380
102 -3840
-1910 3168
-5271 3
7071 427
-8514 -2125
-1923 -5350
4918 -6253
-7986 -8231
8061 -1041
3684 7927
-9658 8079
6748 8115
-4208 5714
-607 -6647
3742 7941
-4707 6616
7104 4962
-1287 -4862
7546 -167
9362 1868
-7233 -7039
-5835 3366
-2730 1719
1681 243
-4867 -1140
-6946 3080
9532 5972
3316 447
-643 -3197
226 -6583
-6285 3630
6038 4483
6107 -1688
9895 1605
9663 3699
3798 -3162
5962 -684
-3940 3609
-524 9194
-9914 1448
2680 3801
4844 2196
-6354 9706
-7545 -6696
-3377 -7098
-3000 -743
-3542 -3329
-1652 8936
-4282 2293
-1016 5392
-2554 9658
-2617 6767
-2884 -2282
9197 285
-9523 264
-8931 -7342
-5775 -9311
-9530 2816
2979 4238
2186 6840
5417 9876
3317 -6922
-650 6344
-5837 -4027
-7611 7320
2917 5585
-2143 9829
-5412 -3573
-1280 -8367
-2643 7115
-7931 -1307
8479 2174
6606 -9361
-6065 -7268
-5481 -9205
-1901 -6079
7595 3542
-7192 -981
-3510 2355
500
340 384
48 398
113 180
281 436
170 288
191 376
283 296
229 436
339 374
20 486
16 379
84 272
218 309
55 252
140 459
149 150
411 470
306 462
289 423
302 407
121 272
393 402
71 116
291 313
216 380
191 358
355 433
460 464
470 484
254 328
225 302
254 387
433 496
92 420
331 474
43 440
52 312
297 358
73 288
270 417
123 196
360 434
84 256
311 332
210 387
44 288
72 131
43 405
37 180
192 261
305 414
262 496
126 165
204 281
50 463
254 455
118 317
7 475
226 404
412 448
12 322
239 413
21 211
29 161
141 182
2 331
141 434
247 362
22 490
232 259
164 245
98 272
428 474
96 434
220 383
162 200
142 440
417 434
393 414
65 487
140 372
349 427
291 337
15 133
80 228
115 480
93 446
24 197
75 294
20 275
268 306
191 293
180 202
191 199
279 339
137 220
91 207
191 210
168 238
71 363
109 177
79 362
8 152
111 302
275 445
136 148
296 394
10 224
123 373
159 214
261 289
91 220
344 450
100 139
230 411
181 437
205 479
73 287
240 435
93 139
189 280
287 335
167 400
354 386
176 181
64 230
165 207
410 452
125 408
138 185
83 287
192 284
270 446
20 331
218 220
182 326
189 296
91 108
151 335
37 182
433 439
23 408
75 247
180 451
286 490
11 243
100 412
190 318
39 341
84 357
187 496
140 360
84 383
239 265
381 395
255 386
149 336
412 414
218 372
397 449
328 500
128 196
3 329
182 252
453 498
94 371
126 416
206 239
112 477
162 294
400 432
147 393
107 410
457 496
394 430
46 458
71 100
41 343
132 324
129 479
19 271
394 488
63 410
153 335
17 183
155 299
9 289
296 307
212 385
129 193
34 383
206 229
398 468
29 60
10 192
145 275
205 430
145 417
189 460
88 473
268 432
248 473
30 282
67 310
2 294
320 396
47 102
222 482
178 496
61 260
76 319
14 88
72 326
308 341
336 434
37 177
273 362
165 264
157 352
53 456
94 445
158 247
457 470
61 328
71 172
306 453
144 175
142 375
66 147
427 438
102 262
61 322
281 449
235 260
95 99
44 93
241 450
134 304
57 380
41 429
94 274
144 199
224 266
370 448
52 103
215 279
3 494
266 492
65 228
100 312
253 422
107 285
122 481
349 398
78 230
312 411
429 451
299 371
45 354
181 473
110 487
88 255
169 297
74 398
1 307
101 194
249 348
453 465
30 427
236 264
34 109
337 477
311 425
72 98
204 382
30 213
259 383
259 267
2 213
104 452
94 276
149 431
210 231
305 411
186 389
84 123
72 128
185 315
266 336
155 451
268 328
219 479
293 492
67 353
251 435
143 438
109 151
156 389
369 463
101 346
90 256
99 208
430 487
334 415
247 336
9 32
78 389
96 470
66 205
111 488
160 412
140 159
188 293
111 348
190 495
15 41
80 85
108 205
5 370
241 404
233 271
12 286
312 481
14 425
138 261
270 374
93 280
245 302
122 355
76 93
88 234
57 448
164 467
12 45
8 74
223 378
240 271
281 391
7 178
53 199
13 341
44 342
113 278
234 305
200 497
112 428
186 368
389 450
122 361
299 351
23 331
19 57
92 344
60 290
396 452
9 193
33 118
205 268
142 209
17 139
191 331
160 312
227 497
135 172
241 467
200 288
378 466
106 219
16 202
21 358
165 218
21 50
173 440
5 252
30 48
156 466
256 312
75 320
103 362
147 291
8 265
216 224
25 494
250 412
144 221
34 279
188 321
13 295
209 393
411 493
146 190
80 280
144 430
282 349
242 439
375 400
236 451
127 460
70 323
88 385
127 158
111 153
13 429
27 369
276 290
258 328
81 124
12 451
229 280
131 271
250 323
44 245
49 326
145 429
461 486
192 297
305 423
93 163
79 468
283 343
191 336
207 388
411 492
34 314
241 500
265 349
253 407
6 327
124 164
101 124
44 225
168 182
349 426
112 385
308 340
243 366
62 322
105 479
244 306
102 223
299 301
306 400
376 438
235 267
307 362
3 490
437 462
176 263
95 115
16 180
18 461
266 432
26 118
135 409
137 178
347 384
121 437
135 241
228 250
286 348
228 389
35 311
32 354
145 271
178 217
49 274
55 193
356 427
278 314
57 307
203 314
177 373
266 284
47 226
403 406
397 481
155 261
131 270
68 474
36 180
160 243
100 321
25 81
17 498
404 466
170 213
210 497
269 323
131 347
343 457
313 498
300 490
335 422
240 434
318 416
92 499
88 494
90 138
236 496
70 381
750
3306 9936
9530 4313
-2249 1623
2577 2765
-8529 8185
-9114 -214
9049 -7067
1651 4302
-5369 2850
5274 -7016
-7546 -2712
-7260 6120
2175 442
2208 -6154
-4676 -4164
8449 6357
1029 1088
1234 -5274
4449 -9976
-1382 9535
-8336 5775
-2054 2243
-1638 -6429
9527 -6402
4305 -9677
9872 -2739
-1548 -753
-1318 9742
-5646 -1349
35 -414
-345 -1081
-9151 -3926
3914 -9047
207 -25
5773 -5892
-9634 -4910
3575 1675
-9701 -4261
-7492 7563
-5418 -5835
9598 394
-8841 7869
-1180 -6835
3491 20
-9406 8491
9993 7654
2224 6678
4672 5938
-5027 3465
-3067 -3597
-6199 -3167
-8400 7960
3376 -7888
-9657 9741
7481 6726
2228 -9946
-6200 -7412
7530 3041
-3653 -5601
-696 3590
525 2017
4618 8957
-2896 1646
6500 -6985
-7921 9797
3704 5572
3133 -6929
8696 7621
4508 -3707
2661 -8217
7487 -9491
-1905 7603
-3648 -199
3191 -9533
378 7505
234 -8904
8224 1548
-9708 -2341
-4095 9888
-3262 6740
-3686 5340
-9227 -7980
1997 879
2438 6761
5967 -1087
3699 5908
152 6814
-8889 -5396
-7353 7730
277 8426
2086 -6265
8160 -629
9777 -2838
1276 5843
-4065 7381
-5410 7201
7894 -4887
-6437 1356
8195 -8767
5758 -2356
-8694 2804
-1542 -9649
-1800 2107
-4294 1007
3480 -9851
-7923 -9460
4828 7937
-463 8430
-2385 -5115
-6897 4657
1092 -671
106 617
2408 -3846
3423 -4433
-2040 8148
-6846 -3956
-3744 -2586
8565 8358
6940 -3705
-1008 -1314
-8394 9563
-9319 1238
-8613 -3054
1022 1868
9878 -4833
-8497 297
-2449 7980
-8825 5856
8967 9753
6875 6199
6590 8818
-7383 2690
1977 8700
1988 7833
-5397 600
3936 7209
-8014 -3512
257 5647
1358 -2543
6004 1970
4077 1245
-7678 368
7544 -867
3417 -3788
9678 8027
615 -3930
9395 6295
-4615 -2018
1846 -9648
5476 -9937
8767 -1183
-5899 3833
3372 646
8182 -273
-9164 380
-3803 1147
-5157 1157
8882 -1286
9106 5234
-5367 3034
5289 -6042
-7722 -5358
3716 -8496
-6925 -3999
7464 4996
-8797 -7277
6789 7793
-6460 353
-4845 -1330
-5747 -4538
-4405 -8466
-690 4444
3361 -1215
7189 240
2282 -2038
-8810 1285
-3192 -7477
-2183 -4955
-5758 -9218
-3715 4937
9003 9032
2171 -4794
-1783 4130
-7311 9670
-2467 -7303
-2270 -8119
1880 1931
1422 -4698
8619 8439
8044 2290
-6484 7533
-3101 9234
4915 3401
3545 5783
5762 -6714
-7740 9038
9327 2659
6274 -5192
-8190 1321
-1186 9668
4792 -8634
-1124 8156
-405 7938
2356 7249
-2924 -6336
-4477 -4595
3444 -7473
-4448 -8210
5343 -1703
-5159 5091
8307 -6503
-3247 2558
-1442 -6097
3917 2976
-7506 -3297
1998 6972
-661 -7249
-3594 1985
-6775 562
8761 -6561
2308 -2260
1180 -5395
-6278 -3009
3131 4148
756 1649
-9711 -3529
9433 2067
-2769 9144
-6339 7705
2351 9329
-6973 8860
1381 -4889
-6634 648
-9356 -7863
-929 -7495
-553 6709
6216 -2616
-1117 -9131
-2494 -4987
-2481 7019
1090 7794
868 4538
6470 -820
-1066 -9943
-2983 5392
6700 7014
8733 3946
-5630 -5747
710 2250
9826 6596
6243 457
6863 -8358
7219 -166
3313 -7384
-7514 -2793
-284 4738
7930 -6484
9894 -310
7544 2640
9004 -7720
-2623 4414
8299 -3578
9806 -249
4982 -2296
911 -8717
9212 479
1908 6209
-896 2660
-8089 9897
4296 -2930
3576 -6042
-105 415
4375 3642
-3684 6064
7572 -6332
5042 -7283
8730 -6532
-2785 658
-5460 -8410
-9083 1602
3488 -8537
-9953 8103
2182 -1833
6249 -5784
-4651 -6501
2123 4180
4490 -2892
-4486 -5363
-5360 -9285
441 2270
-8352 -8120
2349 -4556
-4677 -249
9110 1807
7058 -5037
-2574 8970
-5814 1352
-1210 -5033
8649 2151
7718 -6384
1923 -2699
6065 -7967
7403 -2773
4868 -146
-7349 -5172
-7147 8696
6420 -5584
7554 -9444
7952 -1102
2848 -8350
-7108 -8539
-9271 7853
-7289 -4405
5128 -8165
5105 7044
8412 3800
7620 -9948
-3460 4004
361 -7897
1751 1262
4347 1815
-4120 -5097
-925 9584
9124 -1912
9209 546
-501 419
-8914 -4166
-6271 148
-2711 -2026
-8345 -1386
5025 5422
-4824 2894
-2237 -7805
1657 -7277
-6707 -9817
-1122 9512
-8920 4213
8818 -8480
-5803 -9668
7103 2394
-6765 4106
-5104 -4580
6847 -2973
257 -7686
7295 -7770
2685 7962
3121 -270
5164 -6801
-75 -6353
1616 6233
-2904 7724
385 -5377
2334 4076
9497 -3409
-4650 -2150
-4644 -899
-8342 -1261
8795 -6983
1928 6480
-5232 -1759
7188 6793
-8137 7192
-3803 -4275
-6248 8302
-6319 -5000
5086 -5010
2868 -3030
7568 -7232
4140 7509
7279 8029
1054 2816
-365 8118
-449 -4923
-7542 -9233
9718 -2953
9462 5682
977 3782
4049 -9647
-5321 -1068
369 -4718
-3757 -1130
-1616 -2728
5918 685
5762 5315
5839 -5152
6775 5049
9523 3189
659 -7002
-2153 5562
6300 7619
205 3547
8149 -2231
8206 -1945
5647 5281
985 7726
6397 6717
-2551 3686
-5481 7862
7245 -23
-6043 5974
7628 3462
-8657 -8475
-3949 8497
4789 393
1940 6787
-2503 -9126
9247 -5
-5517 -9803
8316 -9528
7945 -5736
7226 -2888
4491 -8848
-2032 9888
1241 -8345
-6988 8655
8824 -7147
2066 -9615
-3329 4269
5651 -5266
7264 325
-2248 1579
-6604 -7652
-1687 8904
3600 2406
-7865 1597
-30 5176
3340 -3749
-2918 -6880
290 179
-3674 -7505
-6097 -7940
6390 -810
6799 4399
1344 8164
1213 6607
-9884 -4597
3401 -8836
-2009 6186
9895 -3942
-4898 522
-7937 -8253
483 -4876
2306 -6555
2315 2109
685 -7076
3574 457
9486 2660
1827 -7203
8664 -9298
1294 3529
1441 1836
3641 735
1341 -9358
9034 4281
-5408 -7015
308 1070
7136 -2102
-4381 122
834 26
1533 -6259
-2360 644
-7289 -8370
9148 172
3875 710
-8126 -5167
-1334 6922
-1615 4350
2458 -86
-4287 901
6970 -1849
4584 -7120
5688 -5722
4506 -4109
-2744 6084
1367 6727
223 1966
-3949 -8831
-3215 1810
3482 -3171
3112 9697
-2771 1047
6351 -9493
-7081 6446
7008 570
9746 5644
-1063 3660
-32 -5722
2750 -6305
-3197 1295
4891 4467
2524 4748
-521 3275
-9398 2319
-17 -3343
4838 5406
8782 3577
4262 2567
7756 2145
3401 1821
6754 1924
-7509 -8725
-906 -7892
6569 -6078
9613 -5937
-5501 -8213
7505 4323
6974 3973
4683 -3016
7593 2529
3346 6587
1966 -6142
2407 -9984
2506 1260
-7312 -3707
-584 1752
6534 9877
-5292 -8917
-2272 1435
-9489 -7793
4760 -6551
-8984 -5114
-908 9227
-8391 1822
4883 7731
-2585 -5622
-3539 3483
-998 -8975
4005 -1471
-7152 6211
-899 3403
8562 310
7397 8891
6877 -7646
1498 5550
-8428 7610
5111 7878
1616 -8590
8605 -8730
-1153 -4046
9469 -4678
-7032 -4598
-2180 1250
4646 -3439
-3982 4834
2465 -6744
-7789 7914
-4309 -4920
-7475 -4206
-5932 8324
981 7524
-2806 3979
8317 -2513
4592 2740
6502 8413
-2581 6918
-8496 -1391
-7474 -5821
4028 -4412
-3122 1399
-9495 -4889
-147 1852
4871 -1077
-735 -5306
-9367 3769
-3206 1961
-9114 -5899
-8011 5537
-263 -8927
-7052 -275
8922 1353
-7421 -2387
4001 -8461
-1985 -5453
-2683 -4688
-5029 4199
-5055 6469
612 3206
3845 -4018
-2870 242
59 2278
2294 -9697
-2578 8795
-366 7942
7200 -1356
9074 6062
-6232 -8979
6251 -2333
-2749 -7527
-89 7550
-7112 188
-5707 -1732
-8166 7251
4001 -2809
-1739 -5834
3551 4654
8243 -2623
4607 -3222
-9727 2420
5909 7558
7165 6421
-5044 -3983
-1513 -667
8540 -4365
-1333 3861
749 -8244
3598 2214
-8571 -6124
-2157 9245
1078 9642
-6140 8654
-5857 4428
-4612 -4901
253 9856
-6888 -2252
-1513 8951
-1761 -9654
-6008 8768
-1913 -4791
3190 -5293
7513 1673
-8660 -1276
-8409 -7010
-4370 2443
784 -8310
1242 9404
-2333 -2755
-5247 7582
9815 -4140
-3060 -8360
4525 -9307
3412 25
3895 8749
1142 -7877
-8968 9613
4625 4787
9300 1588
1620 -5827
3896 -3366
8375 978
360 4343
-5127 8070
4936 -9581
-8015 -8132
-1333 9270
1568 8696
2769 8285
8697 1112
4841 6513
8613 -6137
-2944 -4237
9730 6906
5114 -5131
8489 159
-5155 -7348
6562 7196
9319 8372
3930 -6099
3541 3198
-1825 1687
-2101 -1266
-4260 -9213
-2086 -9691
5749 1245
-8673 9390
-2274 -4332
-186 9988
5128 9612
8225 -3416
1184 777
-2956 8141
6172 2243
7647 -1215
-6489 6086
-2354 -7456
-1683 -646
-5389 6525
8587 1269
9984 -9565
9239 -7459
5501 596
-336 -4707
8518 6440
-5424 -9375
8785 2532
-6043 4238
2081 5514
2788 414
-8968 4922
-1024 1623
-4371 -4804
-4622 8661
-7997 -8109
-5795 9745
-3999 -1388
429 -7271
-5830 5828
6169 9234
2328 -7120
7683 -9506
-3204 -6659
4994 -4092
-1500 -3951
7206 -8335
-5855 -6320
-7427 -5770
-4935 -3401
564 8807
-7727 -7851
7910 5157
8063 877
-2894 792
-5316 -6600
-1218 -6713
-7176 -9361
2704 7613
-5045 4265
-7599 -290
9003 9993
7514 -3018
2763 -7041
-2065 -7657
9399 -4499
-4074 -2960
5450 -9392
-7296 254
-2466 5232
9440 -7969
3080 6388
-4162 -2995
1906 1222
-9301 -6404
6733 5083
-3870 -2273
2874 -3452
269 -3962
-3659 -9672
-7849 -8887
-8554 9808
-8372 4392
-9870 -1889
-3434 6965
-8645 1775
6043 4982
3630 -5395
-8005 4528
-6624 -5583
-9345 1383
-8201 -3463
-4096 8272
1329 -3513
600
528 630
30 656
458 739
220 723
13 283
9 258
148 590
49 235
394 719
13 432
371 446
175 478
481 731
319 516
203 574
195 521
402 725
517 675
286 603
31 253
609 685
533 730
24 253
306 365
533 659
164 585
10 199
236 727
242 649
48 666
7 335
152 417
470 630
113 132
206 700
25 224
94 532
173 641
5 590
71 736
44 168
211 261
20 368
179 563
259 540
693 702
42 435
156 576
112 643
100 459
1 310
268 514
42 535
124 188
456 718
441 560
89 500
124 706
532 581
13 494
285 493
170 204
358 445
330 477
132 434
271 329
268 628
401 449
23 586
182 454
338 423
403 713
100 610
588 718
242 366
394 480
307 366
621 634
125 246
557 612
160 608
14 697
143 431
521 577
395 731
149 349
306 739
353 681
273 356
26 528
568 615
345 512
337 502
338 710
148 159
179 275
66 700
370 615
330 476
552 719
182 318
346 435
8 662
483 625
219 729
94 184
222 596
316 427
612 734
416 522
77 727
205 545
435 682
174 257
154 483
11 107
254 351
152 730
172 321
217 296
453 557
204 517
156 281
325 693
513 565
85 371
67 388
495 671
255 688
478 492
86 474
205 221
188 419
223 245
112 229
110 282
32 404
121 155
476 645
142 377
143 680
234 319
77 316
480 592
194 432
243 563
15 524
53 373
578 611
19 559
260 315
34 89
292 734
570 689
236 694
20 196
152 622
47 222
215 228
672 679
75 235
528 716
423 627
242 553
74 112
107 748
127 389
18 535
80 618
139 302
636 658
153 514
439 749
229 323
284 474
367 626
243 321
151 695
497 715
1 448
261 671
394 650
24 640
122 546
174 281
142 199
185 501
582 647
5 562
266 463
541 553
564 609
612 746
139 654
140 652
669 709
137 597
108 475
338 541
502 621
107 462
314 530
206 566
212 380
103 482
589 655
93 392
266 374
290 726
340 669
523 641
648 660
56 285
166 697
438 538
314 655
29 716
584 657
133 543
141 413
319 728
139 313
393 717
176 227
140 608
240 718
248 408
32 333
273 478
412 480
539 648
512 691
120 229
421 677
269 438
247 368
322 465
203 703
119 706
421 588
245 312
265 646
282 658
218 467
283 649
68 388
367 672
28 610
146 334
352 699
74 514
681 685
17 542
196 216
186 572
110 135
290 591
249 469
61 656
422 607
245 523
25 345
37 479
78 484
96 401
86 145
648 694
97 158
76 81
724 736
157 719
439 666
133 620
296 674
141 415
528 552
63 677
21 269
280 336
81 89
157 325
83 570
340 750
45 241
232 485
92 705
578 680
26 369
600 738
130 715
103 372
121 383
45 575
426 743
199 219
334 628
102 326
90 688
196 566
164 284
548 554
182 441
382 708
590 648
421 668
8 695
90 507
441 548
111 308
75 659
587 671
402 716
168 506
147 743
7 322
214 709
74 721
209 369
309 469
39 120
85 487
299 452
55 357
199 423
698 738
52 372
77 555
76 430
200 575
131 743
187 399
211 492
430 536
177 673
344 636
40 688
590 740
527 750
197 417
255 406
561 725
277 284
132 557
354 410
114 345
253 338
227 343
210 322
130 687
255 308
73 119
318 660
66 664
9 129
138 513
46 98
4 587
375 709
325 683
561 621
274 377
304 681
605 634
590 613
400 539
276 317
269 319
79 691
119 542
69 679
385 648
409 453
221 534
246 360
586 628
74 674
197 344
147 345
141 718
502 557
92 139
454 511
514 722
570 609
61 635
188 686
135 243
102 505
385 657
271 341
481 698
619 652
166 510
113 516
72 133
522 687
514 664
469 499
458 644
246 322
40 196
91 354
126 384
231 592
456 599
129 749
99 722
487 669
443 533
83 263
296 745
125 365
121 625
500 673
273 543
592 625
161 653
567 700
228 578
124 323
358 679
258 471
135 262
61 254
256 623
406 492
282 606
512 585
410 638
635 687
557 653
377 497
156 589
30 184
150 429
202 318
506 584
80 511
583 650
3 666
450 497
129 178
145 541
54 453
341 453
299 715
339 406
604 649
505 707
354 387
257 417
194 623
373 401
90 597
356 550
404 564
314 709
351 647
138 552
584 746
503 521
372 635
48 681
240 310
200 405
122 589
58 343
143 320
59 443
12 664
484 568
165 537
87 576
328 433
456 586
56 643
272 617
23 516
490 695
36 277
253 424
472 737
174 255
380 586
32 219
164 312
290 521
546 589
253 423
10 595
430 445
154 750
106 642
24 436
169 514
57 447
241 280
277 545
49 541
325 511
43 527
76 106
34 311
264 477
48 81
164 550
72 496
628 730
74 364
101 383
181 577
522 633
123 601
55 296
29 189
15 557
131 495
184 208
139 393
288 691
193 617
692 695
395 540
61 661
237 619
480 564
81 266
38 380
317 608
498 644
39 80
350 547
220 619
193 648
114 197
379 712
157 614
288 699
12 156
208 469
193 552
527 684
394 627
460 579
109 178
225 512
394 410
59 377
78 293
451 480
336 727
141 462
238 485
233 283
67 700
332 381
572 698
563 665
676 700
27 644
369 572
140 489
74 136
309 641
117 554
82 489
450 680
234 612
37 158
535 741
468 470
263 469
119 563
109 547
39 609
171 602
464 597
165 695
427 514
387 411
220 228
127 166
383 544
339 717
87 640
58 520
217 748
220 586
101 570
309 413
67 347
13 385
50 493
140 725
504 681
464 646
248 667
678 689
84 587
281 356