6
0000
2000 5678
3344 1234
9000
1103 1000 0100 5566
1103 2000 1000 7788
0000
1050 1103
2500 1103
9000
3256 3456 0000 4893
4893 3457 0001 9854
9854 3457 0000 7643
7643 3457 0120 4893
0000
3456 3256
3457 3256
3457 4893
3458 4893
9000
1208 1239 4488 2894
1208 5728 0032 1273
1208 5761 3024 9439
0000
0015 1208
5727 1208
5760 1208
7667 1208
9000
5806 1514 0422 8197
0334 0056 0114 0110
0334 1248 1488 2918
0334 4151 4305 0110
1603 1374 0672 7268
1603 2645 5233 3483
1945 0218 0044 1273
1945 4016 0018 3483
1945 4543 0376 3140
1945 5746 0854 1446
8319 0506 1995 2904
8319 3154 2222 0008
8319 5873 0335 5141
5078 0612 1705 3483
5078 2722 1411 2918
5078 4834 0040 5141
5078 5510 2183 5461
6090 0001 0730 6986
6090 0829 5258 2904
2455 5312 2554 3499
8119 0552 0475 3140
8119 1712 2944 3140
8119 6697 0382 4765
6951 0179 0157 3698
6951 3441 0071 2293
6951 4596 2914 3499
6951 7951 0094 8319
5141 5945 1384 2697
0008 0313 1804 8319
0008 2808 0352 6951
0008 4449 0204 3140
4054 3590 1697 2918
4054 6453 0226 3837
7268 0690 0066 3140
7268 2558 0767 8319
7268 4342 2859 2455
7268 7494 1122 1446
2049 2061 0017 6951
2049 2440 0810 5806
2049 3522 1942 3837
2049 6085 1830 0008
3140 1027 1497 1619
3140 7927 0620 1603
7619 1752 1845 0008
7619 3761 0327 6090
7619 4608 1765 3698
7619 6957 1778 1446
3499 1336 4255 8319
3499 6572 0913 5141
3499 7975 0133 1619
3837 1229 1699 1619
3837 4078 2656 0008
1446 1972 1014 5806
1446 3481 0452 3483
1446 4020 0344 5461
2904 1099 0520 3499
2904 8127 0520 8319
7220 6794 0158 2697
7220 7521 0229 2904
1619 2089 0188 2049
1619 7788 0363 5806
5461 1567 3155 1273
5461 4845 3373 3837
8197 1841 0501 5461
0110 5374 2955 5806
4765 3025 2168 1446
2293 1557 5436 6090
2918 0969 1031 8119
2918 2342 0996 3499
6986 2664 1182 3698
3483 2594 0604 2293
3483 4562 0154 1945
3483 7534 0297 2293
3698 2252 1813 4054
3698 4694 1040 0334
3698 7002 0094 2293
2697 0719 3350 4054
2697 7294 1046 8319
2697 8359 0258 0008
1273 5797 0866 3698
0000
1932 2293
1964 8119
2035 1446
2153 8197
2193 1619
2485 2918
2779 3483
2835 7619
3199 4765
3336 8319
3378 6986
4023 4765
4316 3837
5101 7268
5831 1945
5862 1273
6011 5141
6902 7268
7643 0110
7880 7619
9000
3492 0274 0812 1602
3492 3351 0994 4465
3492 6674 1172 5376
3492 8076 0471 4808
0208 1332 1306 4702
0208 2656 0411 8920
0208 5116 0940 7290
0208 7319 1446 1614
8119 0068 0283 5401
8119 0619 2866 3343
8119 5811 1551 3343
8119 7376 0778 3461
8192 1483 4223 4702
4465 2522 0249 3321
4465 4730 1347 0730
6678 0132 1384 4492
6678 1904 0072 3679
6678 5432 2676 2367
5316 1815 0269 4670
5316 2123 0604 4702
5316 4136 0795 7290
5316 7160 0558 3044
2367 0802 0415 0730
5617 2216 0990 3790
5617 7603 0596 1602
4740 0711 1159 4492
4740 1925 2850 4465
4740 5214 3148 5141
1075 0608 0830 8192
1075 1800 0454 4492
1075 3121 2076 3044
3399 4263 0861 4740
1039 3421 0303 7426
1039 4078 0176 3343
1039 5036 1759 3461
1039 7433 0716 7290
2710 4093 1250 3399
2710 6191 0418 4791
7426 0202 1630 3343
7426 5159 2177 1294
7426 7448 0565 8143
1614 2489 0297 3044
7290 1271 0275 3492
7290 2691 0783 1602
7290 4299 1452 0730
3679 1261 0443 3461
3679 3688 0488 5376
3679 5410 2136 6678
3071 1745 3297 3044
1294 4780 0485 1602
1294 5875 1063 3071
0730 0970 0527 1614
0730 3401 0628 2960
4702 1891 4799 7997
8920 0455 0641 3071
8920 1866 0837 4791
8920 3650 1770 4782
8920 7530 0941 6678
3321 1277 0491 3461
3321 3098 3745 7290
3321 7860 0096 1075
4791 1189 0923 8192
4791 2983 1119 3399
4791 7822 0588 7426
4492 0223 2999 4791
4492 4196 0342 1602
5908 0473 0109 5376
5908 1587 2126 2367
8143 0088 2197 8119
8143 6970 1764 1039
4670 2221 0099 7997
4670 5519 0074 3343
2960 2254 0629 8920
2960 3858 1033 3679
2960 8177 0479 7426
5401 5210 1151 2710
5401 6596 2112 0730
3044 1514 4424 1614
3461 3298 2282 7997
3461 5967 1336 3321
5141 0834 1311 1614
5141 3086 1295 4740
5141 7322 0286 8119
5141 7906 0140 3461
3790 0452 1052 4782
3790 1563 7079 4465
7997 0118 0828 4740
7997 2853 0518 3321
7997 4673 3159 1602
7997 8477 0128 2367
1602 4038 2022 1614
4782 0603 1051 5401
4782 5145 1075 4492
4808 0437 1388 2960
3343 0193 2148 8119
3343 3859 0232 4782
3343 5417 3268 3044
5376 4735 0157 3790
5376 4924 1298 3790
5376 6730 0489 4465
0000
0893 2367
1178 0730
1530 4808
1837 1075
2322 4702
2349 3044
3375 1075
4185 1075
4190 3071
4996 1294
5195 4465
5451 4702
5531 4670
5690 7290
5807 5401
5924 4465
5942 4465
6457 1039
6516 1039
7394 5316
7458 3343
7716 5316
7725 5617
8155 8143
8500 0208
9000