7
4
HONDA 10000 45000
PEUGEOT 12000 44000
BMW 30000 75900
CHEVROLET 7000 37000
4
60000
7500
5000
10000
5
BMW 201139 361699
Alpina 351636 525806
Audi 324176 443706
Bugatti 614558 708397
Bedford 75125 100311
7
328668
429646
143234
933892
413700
172787
508858
10
Alpina 675170 783839
Cadillac 357525 504209
DAF 146282 346028
Bugatti 559453 667719
Audi 877405 916323
Chevrolet 922999 976325
Bedford 396902 496618
Daewoo 216859 332274
Brabus 701138 793487
BMW 4160 163934
11
170229
457351
1050
783631
527432
355055
5432
48237
41861
591660
35252
15
Cadillac 407903 570366
Ford 529045 588791
Audi 813844 839000
Chevrolet 895565 990367
Brabus 210564 244454
Foton 336840 404962
Alpina 69057 141339
Bedford 280607 454468
DAF 980138 984650
Infiniti 576944 724287
Bugatti 445413 532021
Dongfeng 106787 298184
BMW 774635 882007
Honda 41544 107115
Daewoo 725116 914466
11
639118
173812
498153
431659
117554
303542
762907
283215
50740
418034
879913
20
Lamborghini 267082 456281
Audi 236039 284580
Chevrolet 176688 310277
Luxgen 154840 289725
Lada 199313 231522
Cadillac 719298 771397
Brabus 13568 168541
Dongfeng 344923 497955
Alpina 928901 964283
Bugatti 69097 181045
Infiniti 748132 906759
Isuzu 740922 802256
Foton 272568 334732
Ford 648337 730678
Lexus 339320 405455
Daewoo 733946 900179
BMW 218971 382496
DAF 315711 324672
Honda 946392 980371
Bedford 895923 970808
33
69503
831915
589472
142179
881928
204109
995948
873008
295690
133568
681290
935545
367909
75075
968990
411187
513898
736794
139859
856638
252978
344930
192391
944137
602
386310
907286
360084
8926
314058
187650
968849
150609
25
BMW 963595 978520
Dongfeng 535482 661465
DAF 533393 721154
Alpina 186881 232445
Daewoo 333085 408287
Chevrolet 938310 998156
Foton 276254 394236
Porsche 70601 244981
Proton 289868 463210
Lamborghini 130980 245818
Isuzu 867882 957540
Cadillac 533136 700560
Opel 421466 429910
Lexus 121809 310562
Audi 829788 923132
Brabus 838975 970400
Bugatti 706789 710492
Infiniti 581107 662721
Ford 279448 374387
Lada 279818 286370
Honda 397027 594080
Bedford 367321 368257
Luxgen 319353 430147
Mitsubishi 507117 677135
Peugeot 80103 248243
31
265116
652693
76253
244847
243615
738332
829046
589315
724491
214462
468389
627872
803158
69446
812509
815737
198772
713725
725031
587292
418387
156614
543223
967575
351806
985303
777369
336583
764513
147988
61706
30
Infiniti 650868 821310
Dongfeng 960026 969113
BMW 299314 366403
Ford 775424 805985
Mitsubishi 64721 161922
Porsche 4039 182628
Lexus 840131 993590
Bedford 550023 666885
Proton 151609 236147
DAF 140204 226997
Peugeot 176401 309259
Yueloong 220981 409992
Bugatti 194285 390757
Lamborghini 427609 577689
Isuzu 485727 621766
Opel 375428 394010
Zhong 561024 682474
Foton 188159 292028
Audi 135456 224378
Cadillac 722157 803650
Honda 857879 956697
Daewoo 827889 977918
Brabus 893114 950616
Luxgen 984941 985158
Subaru 580841 673881
Alpina 222374 401337
Chevrolet 143430 277685
Suzuki 560899 642316
Volkswagen 441856 470162
Lada 253556 272247
23
527705
16176
547039
120566
77507
337622
740775
668940
747864
239413
49266
382968
779603
616231
925594
807152
740329
849624
786197
114502
763642
604068
23794