9
3
Audi 45013 169701
Bedford 598822 745674
Alpina 788572 827010
9
49871
838163
794648
766635
849489
554809
820514
944877
392554
6
Audi 243314 316984
Brabus 508022 672408
Bugatti 160470 212240
Alpina 167641 265423
Bedford 988882 998966
BMW 184696 381578
12
720660
252786
297099
642749
726777
77983
413521
955502
404316
915574
469137
22154
9
Bugatti 532495 571183
Bedford 729704 892545
Alpina 386481 495910
Cadillac 820515 873216
Brabus 932573 961957
Audi 677846 795727
Chevrolet 100511 249241
BMW 551210 664028
DAF 222780 267328
15
70205
510839
543445
733202
470822
6047
427712
566273
1372
525841
674293
665421
888794
560448
13251
12
Bedford 415739 426814
Dongfeng 55922 171748
Bugatti 7020 189193
Brabus 321160 430657
Daewoo 781210 843120
Cadillac 489576 516024
Chevrolet 316075 494515
Ford 954171 985706
Alpina 312813 427695
DAF 850815 966497
Audi 885663 907064
BMW 425573 538177
13
591269
868937
746578
650776
306775
215820
912397
44010
670915
260879
153934
964466
737102
15
Infiniti 639097 792510
Dongfeng 784962 808048
Audi 65361 174207
Foton 477661 507294
Alpina 965426 988154
Honda 140226 151176
Ford 892151 908399
Brabus 878786 972741
Chevrolet 82503 257319
BMW 940726 958484
Bugatti 343788 350341
DAF 567715 679995
Daewoo 954962 960496
Cadillac 490313 614088
Bedford 415583 455253
20
945581
637929
835503
842223
52312
403992
430747
62883
838424
749337
137871
899625
623083
313340
590385
848848
205395
399788
857065
149118
18
Dongfeng 61484 178371
Foton 121404 212611
Lexus 173807 311606
Alpina 305526 434619
Brabus 820429 842453
Audi 718989 864787
Luxgen 912861 965567
Bugatti 247146 309120
Daewoo 332063 417554
BMW 23370 76632
Chevrolet 307630 401949
Bedford 567340 734514
Cadillac 893569 982733
Isuzu 746422 774302
Infiniti 502045 689368
DAF 136421 283974
Ford 44059 187388
Honda 165487 180255
37
876505
979128
579808
48864
534504
623212
681043
300250
971107
236415
368180
106061
670764
14399
788494
562033
242072
563538
272251
255594
304369
653010
440948
20281
814103
813441
540616
506629
982849
627691
676392
706050
576993
426199
970782
403132
571046
21
Alpina 998759 998861
Lamborghini 487314 511279
Ford 322383 500568
Chevrolet 210690 396966
Lada 215306 405612
DAF 658098 769500
Honda 223512 286514
Dongfeng 943037 978513
Lexus 490199 576733
Bugatti 70082 144453
Foton 533069 546027
Mitsubishi 311916 343529
Infiniti 735557 740987
Bedford 772973 806176
Brabus 197456 347749
Audi 27081 68409
Isuzu 562093 622305
Daewoo 314958 501016
Luxgen 756867 852631
BMW 628450 637800
Cadillac 796810 869318
13
816870
202762
703630
922005
238614
460988
432197
617888
300655
492620
116878
537427
10469
24
Lexus 322245 326029
Chevrolet 233257 314803
Luxgen 342799 456053
Mitsubishi 297986 309042
Dongfeng 260195 275800
Audi 376381 562924
DAF 881262 950515
Daewoo 10830 150547
Opel 475624 568737
Infiniti 769151 820209
Honda 854577 867034
Bedford 687841 696735
Lamborghini 862742 894579
Bugatti 66078 159810
Alpina 206642 391714
Foton 181418 270404
Lada 48753 82413
Ford 865432 985926
Peugeot 148848 341807
Brabus 544329 589479
Cadillac 733248 792632
BMW 277247 339875
Porsche 603658 773022
Isuzu 980943 996830
28
192452
246581
112228
783809
503865
976897
186799
153631
146431
742832
861173
326074
691251
138518
625659
430342
523299
411702
203386
882298
550464
855796
727535
355791
933314
521377
666111
533991
27
Opel 147095 320606
Alpina 973709 992537
Porsche 1525 68967
Lamborghini 122063 200782
Infiniti 571883 612100
Lada 433848 437025
Suzuki 761544 840923
DAF 880009 982859
Daewoo 951766 965468
Isuzu 222312 382627
Dongfeng 673232 781520
Lexus 450664 516640
BMW 309056 400631
Ford 591984 620385
Bugatti 7033 62153
Foton 465866 473122
Peugeot 844398 890667
Subaru 611402 760429
Brabus 260974 292219
Chevrolet 335449 482858
Bedford 340925 498429
Audi 13213 70312
Luxgen 431888 448708
Mitsubishi 278598 289771
Proton 334820 478783
Honda 166200 295675
Cadillac 924027 946058
26
540377
810676
664212
787221
820682
299654
762089
933885
22002
867289
209659
856793
465151
256769
54569
118622
65914
652439
403700
333904
174820
765046
424374
821388
712827
830415