2 689
3 283
4 682
5 718
7 309
8 647
9 3
10 496
11 426
12 497
14 151
15 57
16 711
17 491
18 143
19 81
20 197
21 561
22 217
23 143
24 603
25 96
26 62
28 599
29 492
30 225
31 607
32 494
33 282
34 170
35 436
36 321
37 543
38 345
39 114
40 121
41 72
42 684
43 440
44 124
46 198
47 680
48 447
49 388
51 542
52 598
53 703
54 402
55 488
56 632
58 390
60 702
61 143
62 49
63 246
64 164
65 736
66 627
67 89
68 236
69 193
70 441
71 190
72 241
73 154
74 601
75 628
76 578
77 608
78 99
79 365
80 154
81 716
82 270
83 420
84 441
85 227
86 606
87 94
88 193
89 185
91 111
92 207
93 574
94 250
95 213
96 348
97 91
98 750
99 26
100 744
102 745
103 602
104 259
105 56
106 477
107 171
108 52
109 438
110 275
111 517
112 40
113 249
114 433
115 717
116 666
117 256
118 88
119 87
120 339
121 733
122 219
123 682
125 46
126 328
127 707
129 99
130 444
131 522
132 510
133 683
134 102
135 673
136 78
137 192
138 388
139 697
140 691
141 518
142 358
143 315
144 540
145 467
146 59
148 479
149 733
150 597
151 317
152 395
153 383
154 606
156 191
157 312
158 363
159 409
160 120
161 638
162 624
163 41
164 696
165 22
166 169
167 232
168 535
169 639
170 181
171 252
172 565
174 2
175 254
176 160
177 276
178 7
179 680
180 563
181 491
182 200
184 493
185 130
186 201
188 253
189 354
190 639
191 175
192 138
194 295
195 550
196 349
197 537
198 1
199 608
200 28
201 293
202 454
203 224
204 250
205 643
206 522
207 156
208 315
209 298
210 737
211 677
212 506
213 616
214 265
215 612
216 537
217 334
218 567
219 570
220 329
221 723
222 341
223 67
224 547
225 482
226 184
227 384
229 39
230 413
231 244
232 470
234 741
235 466
236 468
237 27
238 280
239 505
240 8
241 487
242 34
243 345
244 446
245 289
246 55
247 245
248 458
249 83
250 291
251 627
252 269
253 38
254 577
255 362
256 173
257 406
258 135
260 477
261 47
262 389
263 555
264 605
265 71
266 419
267 305
268 371
270 368
271 396
272 709
273 123
274 269
275 654
277 253
278 642
279 86
282 263
283 564
284 667
285 524
286 299
287 101
288 281
289 322
290 159
291 486
292 385
293 311
294 464
295 127
296 278
297 528
298 711
299 128
300 363
301 95
302 375
303 362
304 69
306 14
307 94
308 481
309 688
310 151
311 11
312 692
313 77
314 676
316 364
317 650
318 719
319 350
321 502
322 271
323 126
324 630
325 644
326 397
327 580
328 563
329 515
330 49
331 127
332 649
333 367
334 147
335 161
336 401
337 280
338 744
339 562
340 690
341 140
342 614
343 552
344 337
345 514
346 111
347 197
348 60
349 582
350 704
351 602
352 594
353 451
354 713
356 281
358 705
359 702
360 152
361 343
362 699
363 82
364 9
365 381
366 638
367 674
368 210
369 199
370 50
371 162
372 527
373 474
374 722
376 534
377 690
378 715
379 224
380 479
381 686
382 22
383 53
384 355
385 397
386 445
387 389
389 173
390 379
391 562
392 142
393 728
395 730
396 460
397 321
398 73
399 636
400 521
401 259
402 516
403 672
404 728
405 278
406 327
407 691
408 254
409 729
410 426
411 519
412 309
413 3
414 506
415 553
416 452
417 147
419 412
420 27
421 42
422 473
423 483
424 196
425 305
426 43
427 435
428 195
429 68
430 726
431 323
432 743
433 503
434 511
435 617
436 304
437 540
438 558
439 234
440 668
441 720
442 132
443 555
444 670
445 204
447 45
448 190
449 187
450 427
451 6
453 677
454 265
455 501
456 96
457 668
459 693
460 28
461 230
462 498
463 460
464 183
465 182
466 150
467 320
468 178
469 501
470 157
471 399
472 180
473 276
474 604
475 288
476 237
477 631
478 546
480 471
481 641
482 1
483 587
484 461
485 239
486 595
487 708
488 443
489 149
490 514
491 297
492 1
493 44
494 465
495 601
496 662
497 355
498 285
499 176
500 267
501 660
502 13
503 712
504 528
505 392
506 512
507 636
508 282
509 248
510 90
511 243
512 203
513 428
514 450
515 634
516 222
517 410
518 679
519 54
520 113
521 185
522 609
523 355
524 332
525 352
526 394
527 306
528 21
529 626
530 319
531 241
532 624
533 349
534 369
535 747
536 587
537 74
538 558
539 376
540 418
541 370
542 748
543 541
544 356
545 378
547 134
549 239
551 133
552 386
553 116
554 706
555 407
556 81
557 64
558 103
559 313
560 296
561 685
562 731
563 416
564 225
565 687
566 548
567 110
568 60
569 315
570 353
571 336
572 393
573 553
574 661
575 708
576 580
577 583
578 178
579 735
580 595
581 681
582 179
583 347
584 655
585 33
587 416
588 261
589 58
590 102
591 596
592 483
593 87
594 374
595 588
596 351
597 348
599 108
600 90
601 24
602 56
603 229
604 337
605 346
606 586
607 336
608 457
609 684
610 367
611 185
612 340
613 438
614 623
615 172
617 308
618 403
619 191
620 314
621 206
622 472
623 30
624 713
625 55
626 233
627 310
628 233
629 504
630 342
631 117
632 536
633 27
634 705
635 132
636 459
637 299
638 375
639 221
640 698
641 45
642 423
643 525
644 165
645 650
646 137
647 509
648 216
649 330
651 485
652 653
653 596
654 442
655 341
656 689
657 301
659 624
660 446
662 207
663 452
664 306
665 576
666 451
667 449
668 454
669 630
671 357
672 415
673 738
674 368
676 359
677 500
678 251
679 373
680 615
681 390
682 647
683 326
684 167
685 149
686 271
687 455
688 526
689 478
690 268
692 695
693 50
694 201
696 502
697 124
698 593
699 432
700 567
701 255
702 437
703 39
704 720
705 618
706 222
707 531
708 721
709 598
710 136
711 667
712 251
713 287
714 421
715 613
716 533
717 155
718 649
719 394
720 398
721 399
722 641
723 85
724 16
725 7
726 575
727 657
728 408
729 395
730 260
731 382
732 499
733 311
734 158
735 34
736 573
737 125
738 160
739 726
740 57
741 249
742 548
743 723
744 75
745 374
746 470
747 226
748 520
749 595
750 205
