4
103 104
104 100
104 103
100 100
1
4 2
12
6601 8292
-740 3979
-2742 -8727
-2789 5138
8941 -8605
-7684 433
-445 4701
-2835 6461
-2271 4961
-234 5050
-5721 -5264
-7583 578
8
3 12
1 11
9 12
11 12
7 10
3 11
4 5
2 3
20
3746 336
6944 4004
-3230 9307
4648 -2224
-7112 -2591
8775 -4748
8111 8800
-9483 -8526
-8005 1612
-9181 -8098
-6576 -1285
4794 -1656
-8508 -4446
7655 4055
-8780 -3696
-5367 -1988
-8734 -3870
-7185 -3866
6195 -9106
4402 -9847
24
5 9
2 10
11 19
4 15
11 18
6 12
4 7
10 13
6 13
6 10
8 18
7 10
12 20
11 15
4 13
3 7
8 15
10 15
7 18
13 15
1 11
1 9
1 17
8 11
40
6199 826
-5890 -9551
612 -5587
-3765 -6634
541 7667
8262 4285
6839 -8816
-432 -2802
-9396 -1902
-7687 -2820
-8169 -2148
-7990 9170
1580 -8691
3062 8667
-9994 -8265
5312 7462
1450 3037
8810 -7318
-5586 7223
7772 -2712
5417 -1145
-5268 -2652
-8776 -863
-5138 3069
284 -6007
4415 -2828
-5055 8560
9446 -7134
9461 -7363
-1932 -1286
-2383 6540
9107 -5308
-1573 6965
1234 4829
4683 2995
8902 -3295
-2714 7193
9398 -8644
1156 -4601
5830 -3730
12
13 36
6 40
20 33
10 32
20 30
5 37
6 33
5 8
17 20
22 24
9 28
29 34
50
-1036 -9278
-1363 167
-9557 -664
-4864 -314
-2390 1238
-4661 -5944
-2365 -8820
-6724 155
-6673 -2647
4116 -3958
-3743 7701
1381 -6537
1764 -7767
2029 7651
7101 4423
1689 -2013
2492 -5934
-9007 5718
-4940 -8288
2988 -8118
2348 7580
-3997 -328
4679 9989
-1653 -1454
-7685 -8948
9621 -5675
-4172 -5121
6292 2882
9573 -681
389 355
-7592 5263
-5684 -3478
-7143 7482
9580 3272
9919 6455
-8200 -1501
5638 5344
850 5680
1758 3314
8787 -3040
-889 5592
-7184 -7368
2635 -6268
6952 7164
9626 2575
8281 1584
-7292 -2612
3149 1624
-2383 -227
-9048 -8898
3
19 35
27 28
20 48
75
9471 -5948
-2738 -1419
-8149 -849
2681 -7842
9380 224
-411 52
-391 8047
4709 1770
4114 -1377
-3793 -1846
-9976 502
968 7928
-7009 -8163
674 -2196
3801 4943
-4693 5547
-9475 -2618
9875 8479
-2738 8570
8226 6029
-1295 9935
-8450 2405
3100 -3031
-1596 -2265
2475 7023
-7879 5237
8963 -2447
8325 8093
206 -6501
3132 -4415
-5636 1053
4514 6043
573 4437
5247 -6479
1364 -5596
8205 6665
-9642 2195
-2359 6994
-4962 9461
-3999 8365
-5435 -5161
632 -7320
-8530 6381
8236 2365
4262 -9851
1960 -290
8812 1287
5454 5700
9854 -171
3002 -1933
-6150 8498
-2129 -9076
-1978 -962
-7552 -269
1773 -1469
-5367 -9711
-4439 -3647
-8697 2241
2060 -3319
4828 6827
8561 -2807
1503 -6557
-3271 4533
3365 1996
25 -2647
-1412 -728
-8484 2635
-1747 -2529
8102 3543
1692 -6750
1337 3300
5045 -9965
-8332 -9908
790 -5667
-5642 -2294
30
17 57
30 41
6 61
10 43
18 63
1 49
12 46
3 22
45 67
53 57
5 35
18 60
19 75
1 61
22 58
13 54
40 42
15 34
57 74
24 39
13 39
34 68
6 23
6 45
36 67
42 63
17 69
21 54
16 59
3 71
125
9733 -6191
6175 2676
7845 -9077
-3596 6892
1056 8929
-150 1608
-7343 4421
2029 -704
-7672 5846
-774 1784
-3848 1931
-9309 -245
8586 -4531
5463 7723
-3401 9462
-2494 285
-1781 7647
-7892 1797
-8819 3709
2270 -2992
-4479 -9243
-3402 -1052
921 -855
-1612 -7592
3587 5934
9601 -6167
-4990 8317
3287 1612
7293 -9267
-5774 -8121
3489 8021
6868 -6544
-477 -7995
572 5121
-9210 5201
3849 1334
-9021 3243
-4696 -4431
8107 7122
-5902 -7265
5061 2220
2947 748
3092 2270
-8510 792
1330 -7592
8076 -2729
2612 -5053
5619 -6416
7965 1218
-5662 -3943
7139 5228
1883 9317
896 7192
-9242 2573
4888 -1690
6202 4185
4944 8987
6463 -5414
-4330 5643
-9450 4680
4513 -1038
242 -6567
-5164 -4780
1721 9118
-6775 -7837
-5356 -6613
-1079 6904
-5671 -463
-712 3023
8770 2089
3232 -5959
9106 6073
913 -6700
-8244 1153
-9574 -5148
6752 5932
-8268 -2654
-7028 -2773
-8606 -7406
3693 -3707
-1695 -7974
-736 -3526
-8296 4177
1641 -1057
-7183 -3015
-1246 2954
-2200 -6881
-6157 -3309
921 -9586
-5069 5843
-7946 5562
-8280 7874
-3176 -8902
-3874 -333
-694 -5508
1052 -9529
946 -1374
-4209 9059
-5347 -1853
-9422 -926
5410 -4976
-6378 5385
-1752 -9030
-6644 -9350
-7476 -7414
4827 -283
42 -4924
5064 5603
-2266 7426
864 -1049
-3907 -4977
962 5195
-3423 -4168
-4394 3660
5748 -7440
-1669 2228
6981 7216
-1101 -4317
9067 7918
-4735 7935
-1526 -6430
-8512 -5325
1695 -8278
2381 5976
-5004 1581
100
99 114
21 64
38 92
63 95
114 117
20 56
54 79
24 37
41 104
96 99
38 123
9 59
106 116
103 119
51 108
2 16
37 67
52 89
59 79
5 81
92 125
71 91
80 125
53 117
28 72
81 125
66 77
26 42
1 101
38 40
6 13
25 27
30 57
29 81
33 96
73 118
54 88
48 86
63 92
95 121
44 124
37 120
14 83
51 105
57 61
100 109
42 51
89 100
32 77
92 108
26 109
45 100
109 115
26 115
27 88
54 116
27 123
81 112
38 94
47 121
51 81
80 96
89 105
63 73
38 117
11 36
26 119
34 43
64 71
67 98
10 105
108 111
36 89
17 67
35 88
35 77
1 119
39 67
90 95
53 123
58 115
38 52
73 94
73 116
29 50
75 114
23 108
17 25
20 57
65 80
104 117
12 89
48 89
33 66
44 46
51 84
111 116
85 99
4 16
76 106
250
8487 -722
-7040 -9876
8007 -1820
3117 7151
8192 -3919
-5213 -8994
7971 8051
69 6030
-3574 168
2336 -9516
1876 3078
-2066 2663
-4788 7694
-6969 9013
9262 790
4276 -4696
5982 -3564
-3265 8287
1801 3024
575 -4169
5232 2401
-55 2324
-9315 753
3240 4472
-4924 918
-3819 -5168
-4045 -4743
-9075 -9595
600 -7594
-9834 -9708
2855 -945
4816 7257
5164 -4118
-4455 -2937
8034 -8745
-6456 -8735
-7852 -5142
7456 1040
-7493 -1401
5594 5717
-4888 -2879
4866 7352
-5349 7976
-175 5153
-7625 -1715
8850 -9565
2906 248
7422 -9223
-3769 8446
-6924 8251
4316 -7674
-531 8188
-3636 6059
5144 -4756
-9069 6425
9278 -6014
-9467 -1523
-65 5864
-6715 6457
1699 6596
-6529 -6490
843 2229
9435 3383
-1099 9188
-8920 901
-4308 -940
8072 -2552
7871 -8191
-683 2364
-8092 3178
-1440 -6242
-9519 9301
2872 8198
-4672 8993
5278 2456
-9913 8221
5190 -7504
-4754 9718
6495 4780
-4384 -2355
722 8080
6281 6255
-2021 -8422
3997 -2797
-2651 4037
-5737 -9240
-5051 3420
-2468 -6483
-170 966
6574 -9556
6298 -3436
669 2974
-4014 7523
-6926 -9575
1453 -194
1158 -724
-5012 -4679
9744 9831
2853 2647
-5184 2255
-9860 6160
1532 -8293
1282 8337
6827 -6407
2263 3623
-5602 -274
6977 -7174
890 2297
9474 1325
5029 8103
7283 4080
-770 -1558
-9708 2679
-2167 -5569
-3643 -2722
5274 -151
-6586 -1809
7537 -82
2295 -5244
3296 -9614
4890 1584
-5470 -3025
-4088 -37
-6495 4158
-412 9092
-1386 5836
8005 1167
961 -9481
-1325 1328
-8814 -633
4324 -1255
-5769 5283
-1598 -6400
-1973 2418
-980 -9858
-7265 1576
3040 7280
-6424 3343
5203 7449
-9422 2590
-3865 -3942
3607 26
-5861 9584
-5364 8007
-1013 -2511
7849 4250
-7971 6627
7080 -3259
-758 9294
-774 -2340
-4982 8604
-8951 2355
-3958 -9498
-6125 4446
-8182 -7989
-9213 8658
-1593 6532
-2779 -6162
-6361 -6927
-7734 -5243
-8141 -5008
-5805 3973
3685 -2151
-5307 -5779
-9339 6761
-131 -5912
-2757 8414
629 -7105
8955 -3949
3245 1872
-576 7760
-2929 -9484
9015 4837
789 1184
6617 6661
4639 -1910
8529 -1276
-616 1860
2128 4563
1646 -3397
-1492 3394
5497 -4878
5158 3435
-9319 -7409
7101 1202
4408 -7936
-9462 -897
-7421 -2576
-2358 8377
-3612 3850
6440 5962
1949 565
-6243 -950
-8839 695
6407 -4218
309 6038
-5833 -9814
9883 417
3634 5284
-4943 -9453
-6609 8112
-7348 -4567
-917 873
5212 6696
-7764 -917
-6740 9767
1243 -7105
-3264 1062
-8680 6184
-6581 2116
8618 2679
531 3050
7208 -5509
3726 -4344
-4566 1665
-6611 1325
7289 -5934
-7499 3480
5805 -2990
-4978 8237
4596 -9453
107 -5297
7849 3392
-2552 9234
-4998 -5191
7425 -9520
713 -1456
-6257 3912
-1869 9650
-3028 -7524
7938 3827
2898 -7322
3829 -5110
9568 -8804
120 5038
546 -4953
-6823 5262
-5508 1400
3167 -8105
-671 1023
-5011 -159
-3948 6756
-8346 2348
-1356 -986
-2631 3792
-6485 5488
-511 -8957
4681 3263
5589 -8571
6105 -432
300
48 238
73 149
129 218
159 221
76 170
49 201
113 178
16 187
65 228
67 191
131 203
117 125
58 98
40 202
213 244
2 5
45 131
151 234
24 181
118 158
89 202
123 173
26 160
184 248
180 197
44 123
73 114
12 120
83 211
82 200
140 244
94 219
26 209
118 119
38 52
44 50
22 58
44 247
212 225
11 97
77 232
183 227
10 94
163 206
34 129
2 86
182 248
97 98
74 170
32 80
35 93
119 182
20 81
12 58
111 112
7 186
151 209
161 246
30 101
193 242
96 233
6 192
83 130
95 102
107 175
45 188
50 218
110 148
172 235
71 141
149 158
116 174
68 132
29 99
130 211
70 93
30 186
117 153
21 61
55 151
100 227
116 119
244 245
76 239
226 250
32 63
22 81
4 26
189 200
69 187
110 227
88 230
131 225
59 66
24 82
12 103
185 189
7 225
147 221
125 127
93 112
62 149
121 192
41 124
58 217
36 219
223 246
15 24
29 160
19 144
183 233
122 126
10 58
10 69
2 128
148 223
125 226
100 241
50 249
13 26
79 129
17 214
92 221
62 220
73 243
144 160
42 228
73 197
110 213
111 245
19 227
4 183
16 56
93 223
169 189
49 115
122 210
46 99
39 167
33 152
45 97
53 107
76 130
79 115
92 214
136 229
82 236
88 176
162 236
21 230
98 140
39 168
137 210
234 248
207 242
18 228
126 144
31 33
15 115
119 207
50 58
92 168
173 225
145 229
127 144
4 229
30 234
25 232
85 86
155 211
136 237
54 85
8 30
68 135
3 147
117 209
100 123
116 250
227 243
170 217
234 247
57 250
80 85
54 68
193 211
68 179
143 239
190 199
148 233
25 168
173 233
52 64
147 224
219 224
103 116
173 227
66 236
159 211
83 178
50 170
32 198
79 119
184 202
12 230
104 166
44 149
12 153
61 140
18 189
6 35
2 8
58 152
58 216
11 19
103 189
10 246
38 144
62 197
139 207
14 124
27 230
2 229
42 129
20 167
98 199
101 181
145 245
38 133
143 158
20 155
26 175
133 178
97 189
65 209
62 223
98 190
20 165
23 68
60 167
24 86
53 141
42 236
162 239
137 212
29 193
118 237
91 104
84 221
84 248
117 184
99 136
55 74
92 148
22 76
56 141
48 165
104 230
29 140
119 130
57 62
144 247
8 213
76 222
47 145
6 244
86 243
49 158
52 62
97 223
30 145
98 237
45 182
13 234
8 69
41 71
81 139
81 142
137 204
31 115
54 241
110 230
218 229
10 45
40 79
60 106
142 150
107 193
101 175
14 17
88 192
74 174
105 227
93 211
22 142
148 166
59 113
2 92
66 126
21 220
197 240
500
7945 -1861
-6250 -7771
-4208 -8755
8718 -3821
968 -3274
4112 5901
471 265
-4774 8802
2755 -3950
9911 -3839
470 4201
-3777 4212
-7347 8383
-6455 2584
1980 -1972
1662 -7310
505 -929
2415 750
-4371 6563
932 -1564
-9879 -7776
1758 -3441
-310 1813
-441 6413
-7791 -5526
-4690 -4799
8536 2596
3550 5140
-9887 -777
-6151 -5375
5483 -1185
4836 7996
-2472 3729
3968 -6246
2983 -7492
6328 -2886
-5302 9305
6565 2027
-3269 -2116
-3549 -1219
-6967 -2535
-477 -9519
-1616 6700
-5101 9734
1346 4189
2645 -5725
3822 6971
-4485 116
3058 -5592
-5995 2216
1979 6042
-440 9743
4421 4245
1014 8467
6419 -7317
6466 -658
9484 -938
-1425 9274
-2456 1450
-5731 5670
3807 9206
-3558 2941
3855 624
-2085 7898
6652 1505
-2171 6420
-6566 -6995
-4214 7453
-4685 4536
2275 -5950
-2220 -5381
5986 -4643
509 6465
5982 1694
-649 -6020
-6448 -116
768 7305
-5176 -2784
5760 9787
-7567 585
-2124 -7001
8709 -6396
-2704 -5460
-6207 7510
-680 2952
-5424 -9221
-1764 -312
-6157 8407
-1398 -8797
2600 -9550
7964 3598
3364 3966
-5549 -9318
-6845 -9910
1658 2914
-2554 731
8615 -6428
6324 8177
7651 4832
-817 -4991
9994 -142
-4144 1366
6366 6119
-5661 -1366
4825 -7769
5571 -7177
-3780 8308
-9348 7472
-7145 3980
-4007 966
-8788 -1325
2607 -5398
-1455 -5323
5946 -9207
4466 -3109
-2763 -4428
2396 9538
-1641 -3397
-2892 7939
9964 5333
565 5267
-6343 -4701
-5267 8398
7909 -3342
-3380 -7353
-4579 4865
-6342 -4066
9039 2648
1449 -7683
6007 -4813
-9764 -6002
3474 -9363
5749 -3912
-5583 7853
-9471 4230
-9587 5080
11 904
7890 46
5756 -423
-239 -5522
-6979 -3194
-2684 -3941
9212 4284
2653 6155
-2652 4581
-158 8125
2469 6010
-2331 716
6684 -4495
4791 -6412
868 7970
8440 1536
9009 7627
6343 3393
-8617 -9769
5298 -346
435 391
9756 7621
-3507 880
3594 -4158
-5536 -347
8465 -1216
1855 6450
4884 4343
8574 -7246
-2552 3132
-2863 -9404
-2584 -6096
8815 7564
7132 7077
5722 -9187
-908 -1717
-1926 3959
6920 1047
1491 -5628
-9792 -9544
-5619 2197
-2713 9924
-3162 7943
6333 -3172
4376 -8529
-6371 -9900
8119 3053
-1260 -5363
5089 -362
-1152 -7592
-7077 -5012
7518 6519
9665 2360
-67 7539
1111 3593
4722 3269
7902 -1893
-154 -286
-2672 -5946
-5495 -4790
-6545 -6724
9934 8141
-9896 -6910
-3420 -5623
-5785 -7730
8970 2902
-5890 8180
-9883 6734
6290 -8391
4548 -6185
7355 411
-5972 -1259
5406 1337
-7493 9846
3091 1050
9696 -858
8471 -694
-9458 10
-2135 8914
80 1470
7972 -9278
4744 -7027
8453 6916
-6456 7657
-2999 9103
-7949 -5263
-8093 2288
5569 9653
-8033 3720
2374 4898
-2414 -2132
3565 -1307
-493 -6071
7139 -2918
7981 9450
-2218 -8464
-1833 8686
-4237 6948
-868 3156
-5778 5254
-4318 806
3179 -6688
6585 4895
-5234 -9107
1805 -3998
-8593 -126
170 -6774
-54 -1303
1173 -5395
-116 9760
-8408 5622
-7632 2356
3117 8744
-2525 3728
8652 -5178
1190 -9487
8348 4136
8819 -1634
-7378 -4450
-3493 8068
-2311 36
-3843 -4528
-92 -1646
8955 -4998
-1315 9774
4462 9197
-7474 5129
-4342 -2467
9099 3204
-1745 -1168
-7770 5132
-408 1190
3150 -8521
6445 8461
-9944 4624
-9114 -9462
1417 -4942
2168 9880
-7364 -9646
9621 6884
-2991 6105
65 4792
-4259 -8692
-4954 -6097
3550 4160
-7877 -5895
396 6278
7637 4188
903 2879
3104 5458
3195 -2290
-6884 3999
6676 -4230
-772 9555
5578 -1529
-9865 -7971
8907 9362
1217 156
3812 6880
8502 -9629
4790 -9699
-2780 -2744
-7727 -9551
4483 -6180
4070 3009
-1655 4147
2036 -8212
-5590 -8879
3188 9965
-3256 9692
1416 -4674
-7019 -2839
2656 8362
9279 5645
4557 -9649
-9733 2178
-3935 -1312
337 5785
-3191 -2602
-5920 -7752
7782 -8416
2566 6937
-2301 -1980
-2582 -7794
4315 -6908
1777 458
-6745 8192
6248 9701
6303 -9055
6888 -2959
6580 -7992
-4889 8531
355 1049
3975 7247
-8253 9238
424 -7913
-2884 -5722
-1940 7594
2719 9375
3126 6299
1237 -6664
-2472 5321
8107 -6545
-8647 712
-8114 3767
-6458 -4903
9880 -5855
3027 -9572
1813 1996
-4599 -6309
9031 1260
-8833 -3615
-7728 3166
-5537 7071
-8617 2511
580 -1832
-2887 -8386
-9000 6339
-6515 -7028
-4058 -7437
-9322 -4978
4294 3466
-736 -4417
8355 9796
-8973 9444
4376 -4938
2923 -3743
7434 -4321
6088 -465
-6646 2606
-1379 -8785
4704 1421
-2272 -1899
9030 985
4861 -617
-5930 8465
5346 -6006
-1869 5969
1464 2169
8488 -4742
6231 4139
2662 -4983
-9515 1628
432 926
8592 592
-2202 2222
-4537 9150
-9202 -9203
-4285 8757
-3612 13
-9183 2156
9823 8908
4624 -435
8830 1469
2462 9542
4519 -9687
8933 3953
5218 2556
-710 -5046
-3492 -1744
348 244
5996 7283
-2921 6822
-1073 7496
-3520 -3473
-9057 -110
-5997 9537
-7178 -5662
5409 8515
-4636 8293
6036 -8010
121 524
7072 -1950
3310 2307
2300 4229
3004 -7359
-3991 1280
8426 9062
-4261 3991
-6609 -496
-5936 -2427
7071 -7758
-9599 2847
-8861 -9237
-8720 -1374
-1031 3993
-4896 6086
1936 -7736
-3064 -1930
6539 -9781
-1709 -279
-6456 -7638
8874 -6998
-8092 3725
-9593 4001
5012 -9782
-3060 -1948
-6629 8723
1457 7478
2208 -9676
3095 7006
4345 2458
-7798 8432
4632 2782
5352 -6616
-9843 -3433
2939 -8041
-5144 -2820
9555 9907
8424 -8150
-5101 3063
-3218 5478
-7848 8134
5449 1982
1753 -8177
7201 8956
-8521 -5011
-563 -4187
7614 2096
2309 -838
4690 5476
5359 4180
-2300 -852
-7836 -3461
8181 -3215
6973 7274
-9845 -676
7863 -4204
4986 926
617 -1670
-2997 6261
-9485 -7631
6172 8152
3144 -5627
8833 6128
2548 1954
2822 -8273
-3898 3326
-8818 -1044
-7851 9452
-3409 7449
8901 9274
-3122 7749
-3493 -1633
-6220 9787
6921 -9839
-6995 -5363
9028 7972
-4475 9384
-5286 -8120
2793 1580
-97 -1493
-1821 3146
8447 -6232
6665 -8209
1046 1844
-7177 -9597
-6183 -686
-2688 -7548
7674 -6413
-961 3340
-8301 9135
-7310 2537
6341 4664
410
158 172
110 136
188 244
355 384
63 400
105 439
278 484
272 343
292 430
6 128
139 347
68 138
1 347
17 58
69 150
105 130
11 215
211 344
14 43
145 445
316 357
198 472
261 439
18 391
86 313
209 277
33 70
121 220
110 261
171 473
343 500
216 268
14 77
111 196
84 457
110 173
222 347
46 284
106 342
5 141
7 339
141 465
69 108
267 306
227 393
14 344
89 91
221 477
357 359
252 345
405 499
54 269
165 491
43 269
6 425
171 281
39 368
10 231
332 359
60 124
81 130
243 324
280 396
145 444
441 471
33 473
60 356
16 187
208 355
255 270
79 135
163 454
163 229
179 417
48 392
258 494
339 379
28 284
116 155
176 413
367 442
42 440
125 295
231 270
170 252
218 245
223 458
132 391
198 271
124 254
351 488
199 441
135 460
248 369
171 393
9 86
102 286
232 493
232 414
346 395
6 387
434 500
43 170
207 271
15 248
229 429
357 378
162 339
196 257
290 418
53 93
240 397
11 356
46 322
75 274
346 372
52 77
191 230
79 296
94 494
43 287
412 478
44 412
96 483
153 384
136 378
113 355
21 338
35 378
467 495
77 312
335 410
292 397
172 196
30 329
246 262
174 289
120 196
132 234
79 406
435 483
128 340
31 245
78 451
297 464
312 473
152 345
66 149
278 480
312 389
294 488
250 315
85 459
34 487
73 156
87 109
411 460
258 451
408 472
215 456
46 267
28 138
197 482
439 479
250 294
84 227
411 493
365 406
264 455
87 145
351 412
115 300
34 282
187 210
184 274
63 424
130 316
311 438
166 371
14 458
128 327
175 275
430 479
7 155
150 432
112 220
194 478
252 292
25 363
212 421
25 136
238 361
416 459
140 141
115 205
313 345
209 302
128 274
161 225
98 311
423 487
121 257
41 197
159 431
62 220
196 331
159 240
54 161
69 376
44 480
89 103
362 484
251 478
27 183
122 407
44 69
243 375
87 342
213 401
315 437
37 300
120 383
204 439
83 217
23 39
84 494
223 475
189 328
95 266
141 158
375 462
10 462
129 245
1 37
299 494
11 80
195 266
132 344
54 204
334 399
45 64
117 137
399 400
225 464
200 445
229 337
52 307
171 208
69 488
118 227
90 313
179 377
69 493
143 369
457 492
103 189
1 158
240 408
272 383
435 485
24 367
277 438
171 446
336 450
62 93
159 382
253 486
21 435
70 224
127 496
44 82
89 120
346 398
153 156
298 353
125 444
200 305
351 403
3 178
186 302
250 262
45 432
207 384
338 402
443 450
6 496
28 495
214 265
3 426
169 304
322 334
181 258
115 241
75 106
113 295
37 238
120 462
318 376
455 483
68 411
162 166
150 344
295 422
87 143
251 419
95 316
322 449
16 408
50 336
335 385
49 372
24 383
296 465
171 343
78 420
102 358
183 329
281 379
275 351
157 314
172 376
128 480
43 175
461 494
99 327
16 220
110 345
16 317
468 485
122 279
283 387
72 289
336 382
175 479
131 305
36 130
101 384
228 495
80 211
182 219
279 438
49 379
390 393
254 390
277 311
49 378
137 444
149 416
204 396
14 100
368 444
91 433
208 348
215 227
274 362
84 343
43 463
309 462
22 489
393 416
146 217
10 38
88 314
398 400
190 468
5 490
262 373
76 152
185 267
357 423
185 345
5 70
252 318
6 238
51 318
46 423
96 245
140 494
173 181
14 235
30 384
78 162
230 264
192 361
271 500
68 75
21 220
40 473
213 361
99 247
178 451
278 339
169 175
47 148
36 352
33 265
259 302
197 211
270 387
136 467
138 471
56 328
132 298
155 263
93 370
134 346
7 498
107 459
83 246
143 229
750
-3540 -2732
-4307 1748
1631 -9500
-1560 -3120
6832 -56
-5675 2224
4794 -842
-8391 -3595
-8736 -5599
-8634 4430
8129 5020
-3072 -5815
7251 -7021
-8331 -5216
9026 7498
264 -5884
9817 -1093
6221 -9387
9786 8594
8083 4829
-1121 -9361
8656 9962
-2770 4358
4504 1301
-1763 2362
-476 3991
7166 467
1696 1152
5712 1618
-7363 -84
-1008 765
8432 -4696
2642 -7337
-268 3684
-3090 5583
576 -1137
2680 6567
20 -7165
8973 2298
-2677 -5167
5766 -3252
3243 5603
-7775 6930
-6940 -5110
-3572 -6983
9110 -4103
-1980 1708
-6916 3689
-326 8730
2350 3066
1039 -199
-5631 -8988
-4277 483
9242 8807
3479 7421
9191 -2608
3253 -7847
8044 4682
-8134 9750
3506 -9449
-6020 -8568
-3963 4327
1090 7795
-6097 1508
-5831 9012
-8626 -1850
-9869 2970
3148 3469
-9896 6614
6194 316
1984 -5114
8800 -4201
-1382 -4973
-5610 7506
8822 -6995
-908 3430
1209 -2885
9271 -3384
-9235 -3846
8552 -3758
-7482 7492
-8260 7725
-4794 7498
-6748 -3637
3429 -9498
7175 -7073
-1957 3768
5340 5497
4179 -4346
-5135 8192
3898 255
-2619 -8487
3615 -6096
8920 6881
5504 -2318
4369 -1625
6951 -299
6249 3288
-103 3449
6824 -7371
4717 3995
-8226 2443
-1042 2207
9798 9259
-9874 -8766
-2827 -2381
-3292 2631
6404 7188
5898 -3080
4002 -5960
5943 7102
-5176 8463
7452 -2326
5933 -5875
-6978 -8193
-1631 929
-5516 -9985
-9391 155
-1657 2819
5482 -649
1784 1644
-8525 -4176
440 -5411
-993 8488
-4426 -5353
-4720 -8666
196 3087
-3993 -5798
7564 -4566
7967 7634
-6573 4699
-184 -6537
9237 6499
6105 -4381
6786 -6814
1770 -7794
-8287 294
-4486 -1042
4409 4275
-6740 -7357
8316 -2928
-1061 8857
-1150 -1221
7421 -1858
-6338 1408
-2049 -7514
7177 -3709
-9807 929
-4414 38
1769 4141
9982 6018
-9624 -5298
-6390 -5167
-5299 -7761
1243 -6394
-8274 4969
5472 4695
-4401 1854
7222 -7898
6221 4644
7488 -9734
-8598 2603
-1330 -3192
-4240 1243
-2181 -298
-7277 -8405
9139 4921
-7511 8653
-3054 -1579
9764 830
-4184 -3941
3907 8450
7511 518
-6102 6599
-7961 3748
7841 6768
-4942 6271
-1614 7081
-9546 -9293
3052 3268
-4575 8070
7824 -2418
-8022 4488
-4459 7822
-8174 159
5421 307
1135 -2374
-7107 -5169
-2665 9493
-227 7110
-4864 8941
-9764 -1265
-7498 -5415
-9585 -1509
8042 5498
-5403 -9270
-7584 3556
-8267 1890
-2688 -8054
3870 -6137
8985 -729
2908 -3644
9248 -156
7368 1225
8856 7664
-2947 64
-6172 -6564
1596 -2057
-8462 4124
-9794 -6872
8218 -8819
-2667 4633
-5257 3006
264 2316
9431 -8376
-6797 -2879
4224 -8986
-8745 -7002
-3161 -9267
-7270 -4409
8640 -7430
-6948 5509
75 -9051
-6984 -9343
7408 -9951
-195 -3798
9236 1659
4809 -5202
-5694 -5316
3881 800
4728 8790
2206 -2019
6947 5226
3950 -4081
-9496 6581
6117 -7791
-5352 -346
-5924 5270
8734 -7287
6405 3868
-9843 -4151
-8273 3608
-1549 3376
4967 3330
7682 4031
7108 9787
-5175 9229
-272 -21
-6957 1327
4299 -6233
9574 -4143
1777 9137
333 6057
-5108 3415
6814 -3913
268 6682
-5596 -9794
3172 -2690
459 -8262
6103 2581
6143 9298
-2707 2772
-1557 -240
-6290 -2680
164 -5342
-7195 -5365
2658 2040
3248 4258
9304 -8011
4014 4589
-1217 5739
-9765 2763
-6909 -3420
6023 -6869
7271 5684
395 5992
-686 9092
-5849 -7192
-7181 9149
-4838 -1966
308 -3606
-2260 7180
-615 7583
9935 7269
-7186 1867
383 949
-1966 -5562
9272 -2215
6315 -8441
3720 -4798
-7614 9542
3566 2489
-8716 -5615
6746 -4033
7749 -8893
8269 1068
3120 -3499
-8052 -7579
7379 -5392
-3857 7256
-2807 -3468
-8892 -3700
6110 6986
-4563 7750
7536 -3559
-3345 -9474
316 2894
-193 1304
-375 -5670
-2648 5041
-7015 -2845
243 5823
3997 -9537
-5958 -1290
-8922 -1030
-3245 7690
4913 668
8496 9693
6354 7442
8528 -4978
-6780 -8045
3922 -7705
-2821 4111
-8608 5793
7873 -6828
6264 -2893
-8199 9706
-5107 -232
-3181 -2149
-1657 -2759
231 6085
-3793 405
-8335 -3703
-5885 7091
1814 -785
-2216 -3394
9506 -8163
7947 191
-9199 -4750
-6218 -3043
-399 265
-1320 -6013
-3105 2298
2998 5683
-8123 -1987
7100 8989
2690 829
6498 4560
-3723 7604
1416 2796
-2514 -3991
-2947 8289
2170 -7206
-1707 7431
8812 8695
-4548 -5131
7217 970
-9909 -3111
4714 5335
707 6535
-9906 -6572
-5971 3360
3576 1015
8103 3284
3118 -1571
4855 7201
5025 -5116
7694 -3857
-8746 4330
-3859 8433
3994 -7530
3422 7078
-550 3795
-2271 8195
3608 9340
6810 -8639
5887 -2926
-5979 5055
2688 5297
-4983 -2172
-8251 525
-2058 4366
8447 -5589
-7869 8576
-8480 3984
-5229 -8304
589 -3469
7036 -4585
4611 -7709
-7925 -9218
-8686 476
-9494 8123
-9491 7430
8696 6104
-8192 -2951
-1338 -9072
-6241 -3015
-478 -7702
-5572 -8945
-311 -630
1692 -3010
1201 -6265
4331 882
-1895 1545
7264 -2237
-1192 475
-6181 4034
-8417 8230
-9654 -736
7053 -5761
1366 -5048
3071 -4532
-8062 -8448
-7695 3444
2851 7721
-9651 -8692
8705 7416
9962 2465
446 8345
-4175 -1319
1409 -8322
3076 3773
-7964 5911
-5749 -3147
-8661 1207
-3387 -8221
4738 -9900
-4445 3312
-8036 -1530
2198 -6687
1694 -9
2447 -6455
-9601 -8662
202 3809
-7060 -1910
2920 9857
-9096 3209
-9489 -3625
7561 5048
9271 -8383
-8548 517
-8095 -4843
-4171 -8897
-1746 -2761
2949 -1001
-9865 1469
1948 6443
-3017 -5290
6888 -9961
-1477 -8007
1087 -1766
5953 2054
-4106 9299
-4146 -139
-6806 7549
1721 -5923
8245 -2723
-7566 -9687
-8915 4905
8642 -4219
9112 2364
3025 8468
-1414 1449
-7130 1688
2473 1948
13 8282
7240 -3742
-5829 -8723
1262 4470
640 -8112
1676 4827
6735 8270
8578 -3088
-2429 -9939
-1353 8877
-4363 6302
-3148 8981
-966 -8871
4636 8695
4669 -4074
-8686 6075
-4579 -9671
-6841 2173
-5592 3071
-6838 -6340
-5154 3747
9695 -4427
-5849 1258
-5277 -2965
-3438 4317
-2089 -4091
-3806 -6153
-779 -6143
3253 2157
-2849 -6216
369 -364
-404 -9729
4898 2503
-170 -4370
-7494 -5345
928 5590
6434 -6352
-91 -1116
2162 -6045
-1785 5914
1615 3433
1342 -424
-6683 3567
3440 -9251
-9233 -6708
-1372 -7910
5609 -477
-1227 9404
1511 -381
-1282 -3024
-5791 2492
-5581 -8812
-8109 -4095
-8055 8026
868 9905
3353 4921
913 4380
-1859 -7561
8300 8574
4994 -8482
-1937 1134
6599 4565
-8191 9997
1288 882
-6093 -899
-3010 6786
-1953 -8229
7437 -964
6491 -9994
-5865 9703
-7652 -930
-9788 -1138
7587 643
7379 195
8821 3681
-8027 -4024
-6873 7822
2994 2141
8432 5111
8844 -6442
-7706 2938
-3095 9862
-90 6365
5900 2735
8606 5168
-9252 -977
-4225 1465
9764 -7660
2972 -2940
-1312 -7827
5177 -6276
-7043 5330
-5488 2201
6683 1781
6322 -2507
1285 4421
6101 -1749
7847 9870
6676 -8382
-9561 -9651
7896 5255
-7938 -2782
1042 -6270
-4179 -2967
1943 -5035
-2088 -3253
-6661 7834
-4893 8256
7834 -6665
-495 -427
-1116 -1633
8437 4410
8213 9739
-2674 -9665
3232 -2434
-6817 1538
3616 1701
-8079 2270
9452 116
9503 -3514
7193 5053
-3327 4178
-5490 -6985
-9210 1457
-164 -147
3378 1734
3216 795
5726 8372
959 -9753
8465 9879
-7602 -2160
-6237 -7800
-7818 -6292
-1625 -4356
4729 -6359
7244 105
9364 -9932
-7161 2689
-6377 -6218
-6586 781
2426 -8325
4293 8722
-5379 4645
-999 8925
-8755 -5856
-1518 6562
-9186 5253
-8796 -2740
-662 6816
-350 3481
6867 758
-8416 749
6223 -6717
-7997 6536
-2204 -1090
-6840 -6244
-2957 -4633
2823 -4796
9109 -5919
-5137 7883
-3380 2295
-4762 -303
-3843 -9917
4484 1498
-2593 1472
563 3673
7603 2109
-3796 261
-4947 -174
2490 1327
-901 -4711
-1326 2649
-2500 -5570
-8788 -7706
-8511 9988
-8345 5394
-7706 8048
6097 -6881
3034 6684
-5857 -2207
-7451 7730
9623 3238
1748 -8342
-1412 147
9391 -4567
5554 -6477
-4653 4865
7649 -621
2500 286
-1812 9770
9954 -7379
2638 -7702
-8510 -5083
-4107 4680
-8491 1954
-475 1674
-1646 -7860
-7876 -4863
5559 8321
2111 -7277
2681 -6256
9879 -1329
-1216 7498
-8042 3889
2983 7394
8183 -8392
5164 -2824
5764 7628
-3697 -3444
1132 -7638
8104 7197
2503 4514
4256 132
839 -179
-4290 -7265
-2087 5108
-8602 3743
5651 -9056
-69 -309
-6667 -5059
-3353 -5446
-7318 -605
-1831 3679
2196 -9293
-4555 7959
650 9620
-1672 5294
-7294 2273
9393 -3630
-5167 3809
-653 2543
-7298 -230
-2903 -9352
-8630 8093
-9090 7450
8768 -4512
9805 8669
-26 152
1022 -7282
5225 -3949
8145 6408
5306 3225
-4560 -7665
2901 8083
2883 4720
-9711 -7599
8803 -7160
-433 -7904
-947 4052
475 -6399
-2194 -9358
535 4289
6205 3301
6431 6464
-411 8836
9318 -1470
8109 3236
-9895 -869
4564 -598
2422 -6687
5799 -6723
-3867 9230
9923 933
-8007 4961
-317 -4495
7449 650
-616 -5197
8641 6538
9667 5815
8319 3606
3175 5611
8993 -9115
875 -9289
1233 -1119
6572 8906
2779 991
-8270 -1134
-9412 -3036
-7779 644
5446 3716
-9352 -2020
5932 4938
-900 -8321
-7823 -6444
-2162 5692
500
231 530
520 744
238 660
45 266
80 232
369 454
167 313
6 565
143 587
346 555
187 335
347 457
197 236
45 463
55 675
471 686
163 636
483 516
243 293
198 400
90 457
349 505
682 719
499 712
32 143
39 359
333 609
281 654
215 288
435 512
96 216
361 599
658 708
411 540
656 701
307 470
61 337
78 583
376 670
236 604
469 531
384 426
71 185
2 358
414 591
402 506
40 87
199 533
548 740
373 393
175 639
564 604
266 476
13 592
135 619
218 513
546 663
233 524
339 479
128 199
363 679
83 516
91 180
502 693
239 544
236 262
157 531
552 742
15 479
44 249
377 430
70 369
394 642
105 345
16 336
173 278
20 509
190 325
454 556
7 274
255 484
408 616
351 553
264 655
215 726
248 672
232 660
338 710
478 694
383 524
150 626
230 666
126 369
41 252
105 416
68 84
158 265
281 600
40 584
154 309
377 408
109 177
25 125
602 691
393 746
76 193
466 547
4 719
13 525
576 697
269 663
249 386
671 709
385 478
116 520
255 552
445 680
50 503
272 419
181 727
216 393
413 596
64 682
164 630
502 723
414 641
420 466
91 712
152 488
298 553
497 656
572 588
81 645
536 648
558 678
177 389
208 465
18 197
452 477
123 236
123 323
122 371
377 589
621 631
284 603
238 615
475 711
47 604
32 303
121 683
28 524
173 682
94 724
344 459
150 454
96 239
318 433
4 156
191 477
140 233
36 556
386 523
367 456
330 511
289 660
38 460
43 368
149 609
26 172
95 338
147 193
365 581
15 81
424 520
17 532
666 681
169 580
62 723
333 433
96 429
500 691
43 259
124 296
657 674
420 575
526 566
145 347
63 187
518 536
472 601
272 430
180 716
163 305
59 243
546 631
152 532
135 725
531 665
114 734
10 296
692 734
89 349
117 354
31 232
235 519
632 698
170 445
56 443
262 377
408 583
340 592
511 716
336 514
560 652
141 231
82 426
229 379
72 349
64 74
126 200
14 481
215 406
412 414
233 435
383 396
323 693
229 273
116 603
522 605
125 298
118 277
526 744
100 185
550 674
264 309
101 433
377 421
360 510
367 665
156 561
366 603
287 611
91 389
180 302
126 388
359 362
23 481
59 588
255 679
352 534
551 738
375 462
211 555
165 409
14 125
576 653
74 319
267 387
221 367
80 731
379 718
179 404
171 728
222 624
188 681
64 637
287 380
250 684
246 526
257 746
165 430
239 663
365 501
485 711
562 585
163 324
84 633
42 655
441 571
314 434
670 733
416 445
619 741
14 650
667 676
353 440
295 736
150 151
512 616
64 342
321 684
366 565
127 191
570 578
243 325
133 629
316 429
270 698
88 593
581 733
617 652
165 369
173 194
129 312
203 561
55 183
449 585
9 689
591 640
188 233
402 457
420 716
126 538
330 572
381 712
37 638
44 155
39 637
301 706
204 387
307 610
17 464
94 573
34 474
338 540
476 604
305 355
118 682
430 604
38 461
130 400
225 445
392 728
380 664
135 511
110 379
16 655
150 557
147 180
503 698
310 592
184 246
44 182
61 108
104 265
629 736
50 637
477 558
305 742
190 588
405 576
236 425
161 413
25 138
300 313
404 641
165 668
514 595
352 632
122 159
363 720
557 559
138 485
179 286
454 539
224 295
88 221
432 633
337 535
478 583
121 572
264 324
106 343
488 703
95 621
300 711
104 594
70 233
122 257
92 156
495 736
136 660
431 741
289 293
232 238
446 713
507 516
444 645
49 78
375 480
609 663
279 476
332 424
108 170
72 674
445 681
455 672
390 452
222 650
190 513
120 585
70 451
424 489
277 668
219 725
52 673
560 615
471 570
380 581
350 726
517 743
189 315
151 475
505 577
598 704
361 708
518 549
504 613
372 586
378 395
243 503
591 717
289 348
524 618
115 682
242 632
477 535
98 179
242 533
104 291
98 544
18 199
575 690
44 143
249 551
87 250
12 724
13 318
279 379
367 392
449 674
481 509
121 697
347 724
192 459
27 565
110 286
241 513
332 380
414 512
326 664
269 493
335 503
212 534
338 546
241 523
75 657
115 689
29 46
234 488
315 618
234 410
128 414
456 582
67 292
405 668
314 676
470 574
168 343
218 400
243 656
358 620
303 389
682 736
289 448
560 666
434 709
227 357
171 626
130 429
56 312
338 349
497 519
548 549
72 714
653 725
104 354
485 610
312 410
347 488
103 675
387 537
396 546
169 655
221 659
379 738
629 676
121 318
192 552
70 318