12
4
51 27
89 16
29 20
56 22
2
20
30
10
10 19
65 7
66 2
72 23
10 24
7 1
11 22
33 26
80 30
56 17
1
30
10
10 19
65 7
66 2
72 23
10 24
7 1
11 22
33 26
80 30
56 17
2
30
20
10
10 19
65 7
66 2
72 23
10 24
7 1
11 22
33 26
80 30
56 17
3
30
20
10
15
14 9
8 8
50 19
27 8
31 12
38 11
45 23
13 10
77 29
42 25
90 7
68 18
66 19
71 2
5 21
6
23
30
9
3
30
22
6
46 27
64 1
63 7
38 25
14 18
55 10
1
30
9
9 7
11 23
68 9
13 12
73 6
50 1
34 23
66 27
71 15
5
23
27
30
9
30
9
9 7
11 23
68 9
13 12
73 6
50 1
34 23
66 27
71 15
4
23
27
9
30
9
9 7
11 23
68 9
13 12
73 6
50 1
34 23
66 27
71 15
3
23
27
9
799
36 20
45 2
9 29
85 30
75 14
2 28
76 9
26 6
34 2
84 9
34 23
43 24
6 23
72 25
80 22
61 11
78 19
43 5
68 18
42 17
66 18
26 6
75 26
28 9
10 2
17 23
66 3
38 5
77 5
1 4
21 13
62 9
7 10
17 1
51 21
56 8
40 24
76 16
87 19
93 8
90 11
86 13
55 25
77 6
2 10
86 29
87 30
26 13
11 2
75 27
62 22
74 4
86 26
64 10
34 4
49 23
92 18
94 5
95 7
65 12
56 24
86 7
76 15
20 26
10 20
84 8
54 30
53 1
65 15
57 30
50 19
35 15
38 24
70 20
31 28
45 12
10 24
15 22
26 10
52 16
25 20
69 24
61 8
57 21
65 11
16 6
21 29
28 24
79 16
2 8
56 10
34 4
6 7
78 11
35 2
4 24
6 20
77 24
32 23
57 16
10 6
25 25
46 30
48 19
99 7
65 27
44 19
23 14
15 13
2 25
42 1
65 1
38 20
81 25
36 7
29 27
53 15
55 14
8 12
18 29
81 25
27 18
53 15
45 17
41 18
8 30
70 3
98 15
70 16
44 25
19 6
62 4
48 4
6 14
5 10
74 6
75 2
81 8
21 24
71 30
20 20
71 17
25 18
72 11
16 17
51 13
47 26
80 9
80 11
67 17
52 10
89 25
64 19
7 3
38 1
50 10
88 19
92 8
30 18
34 23
93 1
50 22
99 23
50 1
2 19
50 12
77 25
11 5
92 28
44 13
75 9
34 26
45 22
30 10
89 30
98 26
78 30
4 30
3 13
81 1
96 17
58 17
92 23
27 13
7 7
25 23
51 21
50 18
91 10
66 28
86 17
92 23
86 18
42 4
70 14
53 3
80 29
84 15
57 26
2 3
86 13
2 19
68 7
35 16
58 1
40 14
57 26
49 16
24 28
11 25
26 28
21 21
33 15
47 7
16 11
3 3
7 6
18 3
77 9
96 13
78 7
47 3
55 23
9 7
6 29
20 19
82 19
49 10
71 23
88 25
61 4
75 12
79 30
77 29
78 28
18 14
79 26
8 19
10 4
51 13
39 13
96 22
94 20
6 6
5 9
7 18
33 20
70 11
10 24
4 24
87 20
56 10
94 11
66 15
71 12
64 20
31 18
96 5
2 10
36 11
49 21
59 8
86 29
11 4
9 5
15 2
36 25
43 11
13 9
58 20
71 1
43 10
90 8
31 1
62 26
90 25
46 29
24 4
61 25
30 18
46 13
85 10
69 8
82 9
34 14
75 30
88 1
25 15
20 1
38 25
79 20
61 5
72 30
7 11
47 25
37 24
63 6
79 29
19 13
87 6
11 6
34 14
51 5
18 24
93 30
41 25
39 24
80 22
35 23
4 13
10 19
73 16
62 26
49 22
60 21
7 18
74 11
75 11
73 25
73 6
13 26
59 1
79 5
88 2
80 9
98 15
40 3
29 27
81 11
9 21
21 20
40 19
9 4
61 3
45 25
14 1
16 3
65 13
84 14
65 23
41 28
66 22
68 7
66 18
55 28
62 5
47 30
18 24
10 22
80 21
78 26
6 7
70 21
90 12
20 22
98 3
95 7
76 28
13 6
19 19
84 18
2 17
92 10
48 4
28 6
45 8
62 25
57 20
44 5
59 20
5 27
47 9
10 12
51 2
73 11
30 15
36 5
46 19
66 14
47 26
19 30
60 30
72 24
10 10
68 5
47 17
1 25
85 3
59 17
71 11
31 22
15 2
10 15
1 17
23 26
3 28
35 6
49 30
96 29
54 11
44 29
95 1
58 26
20 13
8 7
9 13
83 29
67 3
4 13
100 10
5 3
47 3
96 30
62 27
6 22
48 1
98 16
95 11
70 12
67 16
95 20
29 30
9 27
50 5
81 7
98 23
63 30
47 13
18 22
78 29
22 10
29 8
32 24
66 7
51 3
51 23
50 4
14 27
69 2
99 28
38 23
44 16
69 16
84 28
85 11
23 2
48 17
5 12
4 22
48 1
96 21
72 8
43 23
45 1
75 10
31 21
69 18
73 22
6 15
42 28
45 27
57 29
68 29
91 11
44 20
75 13
45 26
33 28
69 4
53 29
87 2
30 10
67 16
14 28
76 13
44 8
14 18
58 29
18 11
44 9
43 10
4 18
26 24
14 1
59 28
99 7
13 22
22 4
60 10
87 29
30 2
27 8
5 8
63 15
78 21
95 28
96 19
14 11
79 22
68 30
79 19
31 20
78 30
10 26
5 6
31 9
32 14
63 22
28 14
67 1
17 2
49 11
25 21
11 17
28 9
91 30
20 29
56 23
20 27
68 9
60 30
46 8
98 12
98 7
96 27
87 23
45 16
17 15
89 13
55 14
45 12
14 11
46 14
34 22
28 15
45 3
82 13
94 9
25 10
23 14
54 29
34 5
95 7
52 27
76 11
67 12
18 1
82 10
81 21
59 26
75 26
64 24
92 23
17 5
23 10
64 21
8 4
38 1
12 10
13 11
42 21
23 4
52 4
74 4
85 1
36 23
79 3
53 10
45 30
23 15
89 20
26 27
36 28
91 17
90 17
1 7
39 30
22 27
97 8
51 5
82 26
4 6
10 19
86 9
60 13
73 29
100 7
84 29
77 18
74 25
39 25
92 16
88 26
89 11
22 14
73 28
29 12
88 14
87 6
73 19
23 30
54 7
46 13
23 25
71 24
91 27
86 2
65 7
71 13
71 25
80 13
79 30
80 11
39 23
41 30
66 5
85 23
75 29
72 6
34 12
21 10
37 17
70 14
77 3
9 25
9 26
33 5
13 17
24 1
63 19
22 2
90 24
30 21
72 19
35 6
50 22
33 27
33 4
17 14
91 30
83 23
98 12
99 6
96 28
50 5
24 15
97 8
13 1
5 8
36 13
6 17
74 8
10 20
86 17
66 28
44 14
75 30
91 2
40 22
52 21
72 12
47 24
10 12
42 28
60 21
80 3
40 8
23 7
20 13
33 27
37 10
11 19
67 24
68 21
38 9
16 13
79 26
76 13
25 28
89 15
42 4
47 27
43 6
81 29
63 28
29 8
2 25
81 17
69 23
92 11
20 13
61 27
20 7
46 1
54 21
80 1
64 17
98 3
34 28
11 29
7 30
92 12
45 25
10 28
31 7
59 5
30 22
3 11
10 6
54 28
25 8
40 21
36 13
20 6
81 22
14 7
84 23
91 6
38 22
65 18
59 25
51 24
96 30
97 10
32 17
47 30
78 3
76 30
35 12
58 19
36 14
65 16
91 25
92 9
29 23
50 1
67 8
5 10
25 17
3 14
100 10
38 16
41 2
62 17
5 11
16 25
30 21
81 1
58 28
15 2
19 13
51 3
62 24
56 21
76 8
62 16
93 10
23 25
23 13
82 2
55 20
17 28
50 29
53 5
14 7
3 17
22 24
17 1
20 27
22 28
90 4
82 11
55 21
25 12
42 11
29 3
91 1
78 18
57 10
10 2
88 9
25 5
3 14
15 26
13 5
83 4
20 28
14 5
66 2
24 29
7 16
3 25
18 1
6 28
64 19
59 4
6 12
40 11
43 9
18
23
23
13
11
10
24
26
16
1
1
26
13
24
30
9
20
27
17
845
34 1
35 18
77 23
94 20
97 5
36 7
13 28
60 15
53 6
100 8
24 10
67 22
92 23
72 14
58 25
75 8
81 6
14 18
52 21
10 29
36 4
60 4
74 9
90 19
73 2
6 1
42 11
73 8
41 2
96 24
7 22
75 2
60 21
30 29
75 10
44 20
56 4
9 12
54 9
39 16
40 28
77 16
49 12
60 3
46 27
10 19
83 28
51 22
43 2
89 3
83 6
87 25
10 21
93 6
80 15
43 27
20 26
43 2
68 15
1 3
78 17
29 20
21 16
2 22
53 11
53 13
47 7
27 26
9 22
35 5
60 1
35 18
67 20
22 1
59 13
30 3
91 15
55 2
66 27
28 5
42 20
92 15
52 23
83 10
25 13
75 18
8 22
81 19
29 12
80 9
59 27
20 11
1 28
35 7
98 1
28 11
87 17
32 7
86 21
9 3
84 24
37 29
42 27
47 13
7 14
63 22
44 3
40 9
82 22
33 11
76 25
68 21
84 12
75 22
12 16
24 6
68 25
93 27
22 16
63 26
64 28
2 14
97 30
56 6
91 20
61 26
97 14
12 5
25 25
79 17
66 26
12 18
53 15
94 14
53 6
59 12
18 6
41 5
43 29
38 25
86 14
15 4
100 23
54 19
52 30
79 29
29 28
90 16
4 29
47 2
42 18
97 23
74 14
39 9
46 12
16 18
43 27
71 13
30 18
23 20
8 30
59 22
17 23
72 12
45 11
1 4
70 28
7 14
2 18
10 2
45 28
24 9
30 20
57 23
74 23
47 24
51 20
55 26
89 9
7 14
19 12
89 20
97 5
12 3
58 23
45 12
84 4
25 28
69 13
81 5
93 19
50 10
65 25
15 27
78 1
7 4
31 19
31 26
18 28
40 22
21 2
84 8
52 24
15 19
47 27
99 22
86 27
93 14
95 21
7 3
59 17
53 20
44 20
55 26
6 19
46 16
96 17
83 17
77 22
54 12
34 12
20 26
30 3
98 8
41 10
43 23
45 28
87 16
7 2
46 27
36 5
24 4
79 11
50 6
90 7
6 25
95 19
98 15
5 30
22 7
58 29
55 3
92 11
23 10
95 25
98 6
97 2
61 10
53 21
38 13
36 8
95 20
49 3
71 16
2 23
22 11
63 25
55 13
27 10
99 16
77 10
57 3
49 7
13 10
30 3
85 20
30 10
81 3
8 6
25 9
86 10
17 28
92 25
71 1
87 18
61 22
8 14
17 4
91 11
33 13
12 10
8 22
61 10
20 14
42 5
30 8
24 4
26 29
40 19
48 8
83 2
79 27
37 23
56 15
31 2
39 7
52 24
12 20
61 6
4 30
77 25
68 16
29 16
3 4
95 19
8 2
64 26
27 26
100 4
65 29
50 9
52 4
69 24
11 27
65 18
21 26
61 26
77 15
21 4
99 23
34 15
65 3
21 29
12 24
60 24
19 20
72 16
20 7
64 19
7 7
53 5
92 20
3 3
36 1
90 25
98 25
57 29
5 10
55 12
2 25
70 25
44 20
24 16
96 24
72 23
78 12
10 22
71 12
35 11
45 17
71 3
80 1
55 29
70 24
69 9
1 5
73 13
43 26
47 12
90 9
75 9
26 26
96 19
44 13
44 6
84 27
38 3
61 13
77 15
47 9
80 6
45 1
2 5
72 29
81 2
88 23
53 26
61 27
78 21
93 5
10 12
81 14
72 30
21 23
30 17
7 21
72 6
34 1
49 20
35 29
13 21
100 8
7 6
13 9
97 21
40 30
3 22
16 28
60 18
8 21
43 21
72 25
72 24
100 19
29 13
84 26
67 4
40 19
61 22
25 28
1 11
95 20
48 5
49 1
67 18
30 9
3 4
41 13
85 15
11 30
14 9
55 21
44 13
51 18
66 18
25 10
77 22
12 4
32 28
56 8
92 6
67 29
23 9
66 13
18 7
95 15
1 6
32 12
84 21
76 23
95 29
53 17
89 7
34 29
97 6
97 7
16 3
27 7
3 5
15 2
88 30
53 26
10 6
48 15
66 13
25 27
43 12
69 22
6 24
77 23
39 3
44 13
23 20
19 2
2 10
68 20
50 22
43 23
52 14
85 8
79 13
73 8
67 15
45 26
8 3
16 26
83 17
22 26
68 10
17 29
5 14
25 9
37 2
62 24
96 7
40 2
50 27
92 28
11 25
37 22
10 17
65 14
9 21
1 26
19 11
95 9
51 28
30 24
20 26
71 13
34 3
94 22
84 18
22 28
10 12
17 14
5 1
99 6
88 4
39 28
49 13
55 20
37 17
15 19
12 22
92 1
81 17
41 30
56 29
35 29
24 1
38 26
24 26
27 3
49 10
34 24
70 10
39 14
86 20
25 27
97 16
55 29
77 4
27 16
83 5
99 13
38 27
2 3
76 11
23 21
75 22
44 24
37 16
13 4
43 1
18 22
70 17
47 29
87 22
10 26
25 3
86 24
92 9
62 26
73 10
60 24
43 7
99 6
11 11
15 27
11 20
71 30
32 5
23 13
67 4
36 21
77 11
65 2
17 1
51 6
2 1
10 30
88 27
85 27
28 16
12 18
51 19
77 12
22 30
9 4
60 21
28 6
12 3
66 23
2 13
51 1
59 15
45 28
99 20
69 8
63 16
72 21
79 30
6 28
57 26
56 18
3 11
58 5
45 26
58 14
95 9
28 29
81 21
70 10
24 9
63 9
100 8
91 24
38 19
20 2
61 22
84 13
55 7
49 2
61 7
74 16
63 23
28 26
8 17
83 18
70 6
31 6
28 20
37 19
25 26
86 27
61 9
13 6
69 13
75 23
87 28
8 5
34 5
17 18
59 10
90 9
29 7
21 1
47 26
38 8
31 3
59 1
61 14
91 19
16 16
87 10
92 24
94 1
29 4
38 3
23 3
89 21
59 24
93 23
28 1
90 23
1 14
45 2
74 11
70 10
65 3
57 20
20 16
90 26
20 13
19 3
100 16
46 19
33 24
59 25
16 14
89 2
7 18
59 13
84 4
98 18
36 12
70 28
18 2
26 5
74 3
36 16
61 30
60 1
22 15
43 3
30 16
95 21
76 24
37 25
50 12
92 13
8 22
24 20
43 11
61 1
48 26
48 24
18 2
95 15
16 24
89 1
99 29
68 24
60 19
63 2
73 6
94 26
54 15
4 2
58 17
23 2
21 23
98 20
24 16
46 8
63 4
21 1
91 12
33 29
68 3
69 4
24 18
53 17
65 16
74 21
4 27
100 12
34 12
7 1
43 14
75 10
4 4
80 12
45 14
80 4
100 30
67 18
52 5
46 26
30 28
51 13
56 18
15 29
79 3
48 8
38 5
45 6
3 12
84 20
77 7
67 21
47 1
57 12
45 18
83 14
20 5
29 26
35 26
94 14
75 20
9 27
22 2
12 30
47 16
75 13
13 26
12 21
90 29
52 4
66 19
74 25
4 10
22 27
68 14
25 21
66 2
26 10
74 6
72 16
81 20
3 24
78 9
41 3
32 20
10 24
16 1
93 6
6 26
56 24
20 29
58 20
53 17
87 12
19 6
13 15
72 14
6 28
47 28
36 17
38 19
76 1
74 13
14 5
5 1
9 22
35 11
82 22
92 3
93 26
53 8
60 17
81 2
34 9
30 14
19 11
60 5
11 7
20 15
44 30
5 30
39 25
92 28
81 23
66 13
94 29
47 24
67 14
91 28
21 5
11 7
41 6
73 7
21 26
84 20
86 26
72 14
56 17
16 28
71 12
80 4
56 13
13 21
23 21
11 8
42
20
7
21
23
18
14
23
17
12
3
28
15
16
13
17
1
15
19
16
8
3
4
10
28
3
16
4
16
11
3
7
16
5
13
29
14
8
5
18
25
24
15
724
59 19
97 20
24 19
83 26
29 14
2 12
39 22
12 19
27 1
24 13
74 23
47 17
29 9
29 30
93 26
21 23
61 13
67 4
35 9
74 12
25 12
75 13
37 17
4 3
47 25
52 18
44 7
90 19
27 27
61 21
4 24
71 3
20 13
56 17
88 16
60 23
71 22
15 1
82 17
21 13
55 5
91 6
78 12
69 11
36 2
27 17
98 4
69 25
68 27
46 29
67 22
33 24
81 4
83 10
88 10
11 11
69 17
35 23
65 3
45 15
68 6
18 12
81 4
15 30
38 28
41 29
76 17
24 25
66 14
26 9
46 20
29 6
4 29
100 21
18 16
89 15
67 29
76 19
36 20
55 1
60 22
39 22
63 22
73 20
33 6
85 7
32 19
71 3
39 28
63 1
93 17
43 16
9 17
37 29
95 9
3 12
31 12
93 25
64 16
29 12
28 8
91 3
38 10
6 30
56 2
87 10
66 22
91 23
3 21
27 30
74 9
15 15
47 8
82 26
60 15
12 8
58 21
97 26
68 2
14 26
98 7
65 24
26 28
26 16
87 15
95 20
73 30
24 9
37 30
71 27
13 7
86 15
95 24
82 20
14 24
10 23
77 25
77 16
79 3
48 8
39 29
83 2
36 15
33 19
27 29
23 16
72 26
49 10
79 13
15 21
13 14
55 20
69 1
58 27
78 21
60 22
93 14
55 9
28 30
55 3
43 7
84 5
66 24
16 13
82 14
56 26
19 10
12 2
50 19
37 27
96 21
11 30
55 5
31 19
91 4
10 18
76 28
30 20
38 13
1 22
40 2
56 16
65 11
90 11
92 3
33 13
16 13
88 19
95 16
58 13
54 29
57 11
81 29
90 21
83 5
29 20
57 29
88 8
8 6
100 24
71 16
23 20
5 4
52 26
83 15
4 12
26 21
65 14
52 25
20 6
75 27
31 2
34 5
83 4
42 20
100 5
92 7
6 12
17 1
70 21
18 19
98 25
65 21
73 27
76 30
31 3
41 30
47 17
5 27
98 28
88 5
15 15
25 28
39 26
15 15
55 3
68 14
56 26
45 1
98 21
5 16
92 25
84 17
23 21
35 3
12 21
43 25
15 15
7 15
38 1
15 22
55 14
65 26
21 1
88 19
28 9
27 23
98 7
98 24
12 2
25 1
62 20
22 30
44 3
75 5
74 15
12 4
93 17
73 21
90 21
68 26
94 20
26 1
98 14
86 17
9 6
69 12
8 10
84 24
49 16
95 14
76 22
88 11
33 21
24 4
86 25
4 24
32 13
54 29
68 8
68 27
48 1
1 12
1 25
79 13
91 5
69 28
31 11
70 11
17 16
78 20
22 14
100 25
87 8
27 2
71 1
80 1
5 27
47 22
18 6
66 3
34 12
64 26
16 23
3 26
55 19
99 1
69 16
7 18
11 1
93 16
31 22
74 17
29 22
69 30
90 22
21 22
48 18
75 22
98 7
45 18
99 10
47 1
56 2
27 18
63 3
68 27
93 6
87 17
44 12
26 28
74 19
4 16
48 18
36 26
70 4
73 4
10 22
14 30
35 26
75 25
76 1
64 14
97 26
97 29
13 27
46 13
49 5
55 14
52 14
74 23
79 12
43 17
23 24
93 1
13 23
19 25
89 12
62 11
66 6
5 11
41 10
17 11
56 9
98 21
89 7
85 5
66 27
95 1
79 25
6 10
91 22
39 5
51 20
4 28
89 12
59 16
7 18
31 28
54 14
5 18
58 27
97 18
63 10
86 6
62 15
79 17
92 15
100 15
50 5
36 12
73 28
56 13
96 8
76 9
64 17
64 13
4 23
2 11
53 28
18 23
91 2
30 15
65 17
12 13
81 11
32 21
19 3
6 20
36 12
76 10
62 23
11 4
6 30
60 11
85 3
13 16
67 13
17 3
13 24
36 29
12 20
34 11
15 25
7 15
58 16
15 29
47 26
35 30
89 10
27 14
26 18
73 29
57 9
58 23
1 21
53 30
57 10
17 27
76 28
66 26
38 7
81 25
44 30
2 10
16 12
95 12
69 14
48 21
42 15
39 9
80 3
85 6
29 14
84 20
7 8
42 18
25 14
58 9
100 22
62 25
61 4
85 11
97 27
73 2
5 13
11 26
59 12
41 29
23 23
77 25
3 18
13 15
7 30
30 17
56 19
49 15
97 5
83 26
51 14
96 30
7 6
90 20
42 5
14 16
69 24
99 21
16 24
66 21
47 29
14 9
7 27
77 26
46 2
46 23
63 15
16 12
48 25
60 27
52 23
75 28
71 5
18 17
92 14
41 9
50 3
92 22
6 11
44 4
100 21
91 18
20 25
79 2
67 4
1 25
38 28
11 29
46 21
38 20
29 14
94 16
92 10
10 6
33 27
96 9
94 11
36 16
3 29
16 13
45 11
93 15
39 23
96 7
46 12
91 29
51 27
29 4
24 6
82 7
51 26
96 21
1 25
67 7
79 19
71 13
5 9
84 30
52 21
81 3
66 18
45 25
7 2
30 11
38 27
54 21
56 15
20 20
68 11
30 12
45 4
4 16
44 19
50 30
97 30
70 1
38 1
32 26
5 7
33 8
35 22
37 7
30 18
28 30
52 14
75 24
84 19
28 15
61 26
3 19
53 3
11 21
76 12
16 14
72 13
90 7
87 16
6 16
78 14
63 23
49 25
49 8
37 24
97 12
37 10
51 11
20 20
39 26
93 5
94 25
97 27
1 10
9 2
71 11
99 8
83 2
94 12
32 2
3 17
20 17
88 23
71 5
91 20
5 10
48 22
28 4
23 25
78 17
22 18
7 5
79 23
28 28
100 18
36 25
7 12
21 11
5 1
69 18
18 6
70 13
3 2
79 28
51 6
90 9
53 27
54 17
30 25
52 4
50 2
37 14
61 15
5 29
20 29
19 30
40 18
15 22
62 30
76 1
8 18
79 19
7 19
52 4
89 28
28 16
69 12
11 7
68 26
94 19
74 27
91 29
54 15
36 7
74 4
10 23
75 16
11 9
91 25
69 29
16 13
8 6
88 14
70 16
93 15
90 17
79 19
59 5
15 27
13 23
91 25
4 16
95 1
28 13
58 2
13 23
26 29
64 17
84 3
18 28
51 28
11 3
90 21
89 16
36 13
71 6
4 12
52 21
29 7
24 3
64 24
84 8
28 2
45 17
100 10
63 15
19 29
95 15
36 20
19 23
53 8
52 20
82 3
41 24
69 21
42 30
76 12
10
19
6
15
27
13
6
1
13
27
25