198 1
46 198
125 46
737 125
210 737
368 210
270 368
82 270
363 82
158 363
734 158
300 363
482 1
225 482
564 225
30 225
600 90
740 57
641 45
481 641
510 90
628 233
132 510
442 132
626 233
529 626
635 132
308 481
617 308
435 617
427 435
451 6
353 451
722 641
374 722
745 374
102 745
590 102
594 374
352 594
663 452
525 352
643 525
205 643
750 205
645 650
416 452
473 276
422 473
563 416
180 563
328 563
126 328
472 180
622 472
177 276
317 650
151 317
14 151
306 14
527 306
372 527
310 151
627 310
66 627
251 627
447 45
48 447
654 442
256 173
275 654
110 275
140 691
407 691
555 407
117 256
631 117
334 147
477 631
217 334
106 477
260 477
22 217
165 22
693 50
464 183
370 50
541 370
644 165
325 644
523 355
384 355
497 355
227 384
85 227
294 464
543 541
459 693
636 459
507 636
382 22
731 382
562 731
339 562
723 85
743 723
341 140
391 562
37 543
664 306
389 173
742 548
387 389
566 548
262 389
570 353
450 427
514 450
490 514
134 102
547 134
222 341
706 222
554 706
655 341
584 655
678 251
15 57
587 416
536 587
632 536
483 587
592 483
423 483
642 423
660 446
501 660
469 501
569 315
208 315
455 501
278 642
405 278
296 278
560 296
224 547
379 224
390 379
681 390
581 681
58 390
589 58
219 570
516 222
402 516
54 402
519 54
411 519
143 315
18 143
283 564
3 283
413 3
9 3
230 413
364 9
316 364
461 230
484 461
221 723
712 251
503 712
433 503
114 433
39 114
229 39
703 39
53 703
603 229
24 603
601 24
74 601
495 601
537 74
216 537
648 216
443 555
488 443
55 488
625 55
687 455
565 687
172 565
615 172
680 615
47 680
179 680
582 179
638 375
366 638
238 280
337 280
604 337
474 604
373 474
302 375
261 47
588 261
595 588
486 595
291 486
250 291
204 250
69 193
445 204
386 445
552 386
343 552
361 343
287 101
749 595
580 595
576 580
49 388
62 49
330 49
649 330
718 649
332 649
524 332
285 524
498 285
5 718
327 580
138 388
462 498
679 373
518 679
478 546
689 478
656 689
2 689
174 2
304 69
436 304
35 436
248 458
213 616
509 248
95 213
301 95
657 301
727 657
647 509
146 59
161 638
141 518
692 695
312 692
157 312
470 157
746 470
232 470
167 232
684 167
609 684
522 609
131 522
206 522
621 206
335 161
344 337
682 647
4 682
123 682
273 123
349 582
533 349
716 533
81 716
19 81
556 81
196 349
424 196
56 632
105 56
602 56
103 602
351 602
596 351
591 596
653 596
652 653
558 103
203 224
512 203
506 512
414 506
192 138
137 192
646 137
502 13
321 502
397 321
385 397
292 385
696 502
164 696
64 164
444 670
130 444
185 130
717 155
115 717
89 185
67 89
223 67
267 305
611 185
521 185
400 521
500 267
557 64
36 321
197 537
20 197
347 197
583 347
577 583
254 577
408 254
728 408
404 728
42 684
8 647
240 8
567 110
218 567
700 567
195 550
428 195
513 428
94 250
307 94
326 397
683 326
133 683
551 133
526 394
688 526
309 688
412 309
419 412
266 419
7 309
380 479
420 27
83 420
249 83
741 249
237 27
148 479
476 237
633 27
178 7
578 178
468 178
76 578
725 7
113 249
520 113
748 520
542 748
51 542
23 143
120 339
160 120
738 160
673 738
135 673
258 135
176 160
499 176
732 499
263 555
282 263
33 282
585 33
244 446
231 244
639 221
169 639
166 169
190 639
448 190
71 190
265 71
214 265
454 265
202 454
668 454
104 259
401 259
457 668
608 457
77 608
313 77
440 668
336 401
607 336
31 607
571 336
199 608
559 313
369 199
534 369
376 534
539 376
43 440
426 43
410 426
11 426
517 410
111 517
346 111
91 111
97 91
311 11
733 311
121 733
149 733
489 149
685 149
561 685
21 561
40 121
112 40
528 21
297 528
491 297
181 491
17 491
170 181
540 418
34 170
242 34
144 540
504 528
735 34
579 735
52 598
709 598
272 709
108 52
599 108
28 599
460 28
463 460
396 460
271 396
686 271
381 686
629 504
322 271
289 322
671 357
245 289
247 245
200 28
182 200
465 182
494 465
32 494
719 394
318 719
713 287
425 305
98 750
88 193
118 88
697 124
139 697
44 124
493 44
184 493
226 184
730 260
395 730
729 395
409 729
159 409
290 159
12 497
393 728
572 393
666 451
467 320
116 666
145 467
553 116
573 553
736 573
65 736
415 553
672 415
403 672
618 403
705 618
634 705
606 586
154 606
73 154
398 73
720 398
704 720
350 704
86 606
279 86
80 154
252 269
274 269
515 634
441 720
84 441
70 441
329 515
574 661
674 368
367 674
610 367
333 367
677 500
211 677
453 677
438 558
109 438
605 346
264 605
175 254
191 175
156 191
619 191
207 156
92 207
662 207
496 662
10 496
61 143
212 506
87 94
593 87
698 593
640 698
119 87
122 219
299 128
286 299
637 299
75 628
345 514
38 345
243 345
511 243
434 511
253 38
277 253
188 253
93 574
508 282
437 540
152 395
234 741
439 234
220 329
449 187
667 449
284 667
288 281
356 281
544 356
711 667
16 711
298 711
209 298
724 16
702 437
359 702
60 702
568 60
348 60
597 348
150 597
466 150
235 466
96 348
456 96
25 96
406 327
257 406
613 438
715 613
378 715
545 378
676 359
314 676
293 311
201 293
186 201
694 201
360 152
358 705
417 147
26 62
99 26
78 99
129 99
136 78
710 136
492 1
29 492
623 30
614 623
342 614
630 342
324 630
669 630
421 42
714 421
475 288
171 252
107 171
747 226
535 747
168 535
142 358
392 142
505 392
239 505
485 239
651 485
549 239
620 314
236 468
68 236
429 68
246 55
63 246
319 350
530 319
665 576
323 126
431 323
399 636
721 399
708 721
575 708
471 399
480 471
726 575
430 726
739 726
487 708
241 487
72 241
41 72
531 241
163 41
707 531
127 707
331 127
295 127
194 295
354 713
189 354
432 743
699 432
362 699
255 362
701 255
303 362
383 53
153 383
624 713
532 624
162 624
371 162
268 371
690 268
377 690
659 624
365 381
79 365
538 558
340 690
612 340
215 612
744 75
100 744
338 744
