11
3
72 17
44 23
31 24
1
26
6
64 26
85 22
52 4
99 18
39 13
54 9
4
23
20
20
26
6
64 26
85 22
52 4
99 18
39 13
54 9
1
23
6
64 26
85 22
52 4
99 18
39 13
54 9
1
20
6
64 26
85 22
52 4
99 18
39 13
54 9
1
26
8
14 10
10 12
2 15
16 15
1 9
13 13
17 13
20 15
2
11
30
10
14 10
10 12
2 15
16 6
2 2
16 15
1 9
13 13
17 13
20 15
2
11
30
15
14 2
18 12
5 4
12 11
16 1
16 8
4 8
8 8
10 9
20 14
5 13
7 10
17 11
18 15
11 1
9
9
9
10
5
12
13
1
14
14
8
19 13
9 6
20 7
13 11
13 10
13 7
3 8
16 7
14
4
13
1
1
12
8
1
13
1
11
4
8
14
11
985
51 22
38 11
61 12
88 4
78 20
37 13
99 14
98 16
97 15
85 26
74 8
90 8
41 27
41 1
46 21
58 28
9 22
13 7
72 14
76 13
67 20
91 9
32 11
91 12
83 20
10 12
95 18
10 25
81 29
58 26
6 1
33 21
68 25
78 10
49 24
11 2
14 5
94 4
13 1
85 20
37 25
41 22
91 12
65 13
14 20
16 26
66 2
24 13
77 12
29 6
37 1
41 27
26 8
17 30
30 7
80 27
86 7
18 15
13 1
100 12
38 16
10 29
67 4
17 8
3 17
46 19
27 23
10 6
96 26
12 16
12 29
44 6
76 1
25 25
21 26
94 18
14 27
84 18
24 7
95 5
43 7
21 15
48 27
99 12
83 23
47 6
27 15
41 11
80 19
30 20
48 7
22 26
57 24
29 25
58 17
5 28
12 13
30 28
67 27
82 19
61 12
41 12
82 2
4 16
93 6
85 21
66 21
98 29
40 22
23 3
33 12
29 1
19 15
33 16
65 22
4 27
66 13
60 14
62 11
27 29
71 24
91 30
90 1
29 25
94 28
57 12
52 11
78 3
63 22
39 5
90 23
74 11
60 17
87 25
90 24
7 24
24 18
62 16
41 23
23 30
40 11
4 28
23 21
32 30
69 18
34 30
1 27
62 12
88 19
87 20
63 2
73 27
53 17
27 15
14 19
20 16
21 5
86 30
36 7
67 4
81 28
59 10
30 6
45 16
60 15
38 23
21 8
83 14
85 10
3 5
78 4
60 22
10 24
8 6
76 11
95 20
38 3
35 22
50 8
28 5
8 24
37 4
7 30
31 20
2 17
48 1
76 13
79 24
99 11
22 26
82 27
56 11
1 11
64 12
41 29
14 5
52 16
28 19
10 27
75 24
76 26
44 15
93 29
17 18
35 1
100 5
56 22
58 23
89 3
68 20
58 29
6 30
3 2
40 1
53 14
73 12
40 5
81 18
53 11
42 11
63 2
59 9
46 11
41 20
79 8
77 1
94 4
74 11
65 17
47 25
72 23
12 10
82 4
37 18
19 23
54 3
78 11
65 22
73 3
78 6
2 12
13 7
53 27
85 9
99 11
43 19
9 17
16 19
45 21
3 3
32 23
90 9
37 27
36 7
33 26
39 6
51 6
71 24
10 1
39 4
57 27
98 23
78 3
4 25
2 17
19 12
71 6
48 19
87 30
34 12
61 22
61 28
6 27
35 23
13 5
35 28
10 4
6 5
35 25
30 16
76 17
41 7
57 19
94 19
29 19
45 30
34 19
49 24
6 19
1 24
55 7
71 10
59 20
69 12
45 13
13 9
52 10
72 22
49 24
90 30
27 1
60 9
67 13
33 25
80 10
49 22
100 19
46 2
27 8
9 18
76 4
37 18
6 4
70 12
16 16
34 19
96 18
26 25
85 4
51 25
47 19
7 25
87 30
21 16
27 29
29 19
7 1
50 17
1 3
34 23
34 30
88 18
13 11
73 13
19 10
33 11
20 27
51 7
93 5
22 23
62 27
81 12
90 1
37 29
93 22
85 11
86 28
14 26
9 19
8 1
74 3
13 11
30 29
9 9
5 15
46 17
93 27
65 27
83 20
76 2
31 2
89 9
61 9
71 30
9 18
23 6
66 3
86 21
38 4
57 15
52 7
85 7
8 15
33 17
20 11
16 27
15 2
95 6
90 14
50 11
92 16
62 16
10 25
48 10
59 20
83 6
66 5
64 13
14 8
49 1
41 3
70 4
76 28
71 8
10 3
77 3
63 12
45 19
70 4
63 16
98 11
96 2
90 17
73 1
44 21
61 10
59 28
12 3
63 4
62 13
68 16
43 3
17 19
12 12
80 7
23 16
87 6
50 23
4 20
69 8
21 30
33 18
97 11
23 7
19 26
66 15
81 28
68 5
7 26
20 3
13 12
88 14
13 28
51 6
2 5
41 26
62 28
45 5
16 26
44 8
77 12
29 14
44 24
76 29
77 23
3 12
56 25
18 20
21 5
17 21
41 22
76 3
2 11
89 3
20 20
50 13
61 8
9 4
90 15
88 18
90 20
82 26
27 23
37 23
78 6
18 22
32 2
93 8
6 2
46 17
52 6
80 10
18 14
20 29
95 21
86 20
75 7
89 9
58 3
33 15
45 24
4 21
81 7
46 1
25 10
38 18
29 18
76 7
53 2
53 1
70 1
91 15
43 13
13 25
22 30
30 2
5 13
45 11
8 6
86 22
4 25
43 15
42 8
41 9
93 12
47 4
8 26
87 9
35 4
48 17
95 16
17 29
99 19
20 15
6 6
61 2
11 12
83 28
24 25
47 6
58 23
96 4
36 14
23 7
46 16
80 15
64 20
12 1
59 9
97 21
42 19
22 1
1 18
32 20
47 4
30 18
94 26
39 20
27 14
81 24
97 21
4 30
54 3
100 18
72 21
20 1
58 30
83 10
27 29
44 9
90 8
58 30
99 14
28 13
88 24
43 2
100 2
99 22
32 15
70 10
51 3
53 28
31 18
91 11
24 10
25 19
41 22
31 14
97 29
35 13
40 11
87 25
86 27
63 3
7 25
1 27
99 15
76 2
19 4
59 4
57 26
26 17
61 24
17 16
37 12
48 28
75 30
59 20
15 30
71 2
58 11
44 15
45 28
13 13
18 18
65 24
82 11
83 9
18 14
16 9
59 9
99 21
24 23
69 17
5 5
51 5
42 3
81 3
36 24
76 8
64 6
86 1
74 22
48 15
55 15
56 21
26 20
40 12
27 30
63 26
61 27
11 11
55 8
27 16
85 18
57 27
32 3
98 8
69 5
21 7
89 10
69 11
91 9
71 11
33 16
48 26
14 5
43 4
100 24
26 4
87 13
28 12
42 14
10 17
60 11
82 28
7 4
84 3
97 25
9 2
30 3
32 9
50 14
19 6
53 17
89 23
68 8
82 20
51 5
28 4
31 27
31 23
10 1
27 3
49 30
48 4
46 19
55 7
49 12
63 2
67 15
30 3
73 3
21 18
59 17
93 10
53 27
80 10
2 21
28 6
2 20
38 20
15 6
57 29
80 29
79 12
66 29
24 1
40 12
3 7
37 7
10 9
27 22
93 9
62 30
77 22
9 10
5 4
16 5
42 7
3 30
19 22
18 10
79 11
97 5
94 28
66 7
50 5
72 20
15 10
74 14
68 24
41 15
95 28
31 22
82 3
1 12
88 7
26 26
4 25
31 6
16 4
1 26
16 25
1 24
72 28
68 21
88 12
64 3
34 4
53 10
77 10
47 21
36 19
6 27
37 29
83 1
35 2
35 19
78 11
18 17
5 26
41 14
96 20
63 27
32 5
45 24
31 27
8 2
65 4
11 7
51 29
53 14
37 11
71 30
35 21
14 1
43 22
4 10
46 19
20 7
48 6
79 23
77 12
73 6
57 15
37 25
18 28
100 25
53 6
18 14
55 6
9 27
56 18
71 14
25 25
3 26
85 10
37 15
81 25
85 5
42 10
19 13
75 23
36 30
31 1
60 5
70 6
77 18
70 12
30 26
53 26
71 9
37 12
4 18
9 19
85 6
70 4
33 29
56 21
34 8
35 24
20 4
11 2
83 24
88 29
14 6
82 1
77 8
39 27
75 4
91 28
97 24
35 21
97 28
31 16
26 12
77 3
62 4
77 7
50 6
65 5
91 21
96 2
93 22
47 18
84 1
57 28
40 3
52 1
1 5
66 16
27 21
53 19
60 3
29 14
24 3
71 4
40 14
11 3
86 26
29 12
7 25
69 11
90 26
45 15
9 10
27 8
50 9
39 3
24 4
60 29
77 27
57 7
77 4
11 27
76 2
5 14
93 30
89 14
13 28
93 15
94 1
45 20
30 30
63 17
74 1
34 1
2 12
91 8
32 24
8 14
44 23
8 18
34 12
76 19
30 29
86 26
36 27
51 26
24 29
33 9
71 19
75 15
19 29
57 4
34 16
51 11
62 16
20 14
57 1
22 12
92 23
35 6
86 14
43 17
16 11
73 21
82 21
76 23
35 9
87 14
58 4
50 22
89 21
74 5
3 30
18 19
33 23
61 11
40 22
80 1
77 16
56 24
16 22
27 21
18 15
29 9
86 5
51 5
10 11
19 1
15 28
22 18
17 20
70 22
31 1
58 15
71 13
4 4
89 20
18 8
26 14
79 1
70 18
64 3
1 16
49 14
46 20
57 22
61 11
83 25
35 10
37 19
19 25
22 9
56 1
3 22
4 14
17 30
75 27
99 8
29 1
77 17
92 8
43 8
45 30
72 10
36 26
73 21
33 2
63 12
14 23
72 3
27 19
72 30
37 3
62 20
82 1
32 26
16 8
1 23
32 13
53 16
20 23
26 12
48 21
62 26
66 28
75 20
21 14
18 14
63 17
63 10
9 2
14
15
17
24
29
7
17
4
24
29
1
14
2
3
20
957
38 27
93 8
34 3
6 16
17 5
74 29
73 3
82 9
11 29
7 26
8 24
41 17
56 27
8 2
40 15
44 28
57 7
10 2
100 22
27 7
43 12
25 29
95 11
28 21
68 11
79 6
94 11
83 4
58 23
27 29
44 18
16 9
2 28
46 15
53 16
84 12
86 25
17 28
71 16
100 10
19 13
5 11
56 30
4 7
55 27
62 10
86 3
69 21
5 16
33 24
13 28
68 4
20 23
22 14
68 24
9 12
4 23
90 3
76 27
57 10
9 12
73 7
16 24
60 12
77 3
78 9
24 30
28 27
67 30
51 25
54 5
88 22
43 3
10 2
68 11
53 5
35 20
62 23
20 26
1 22
84 27
62 30
70 30
71 26
30 4
60 11
65 26
28 13
40 18
16 10
46 30
94 8
92 19
35 13
80 20
63 20
37 30
40 28
27 10
58 4
96 8
10 25
65 8
78 16
83 4
68 17
56 3
69 5
94 14
72 7
82 22
71 29
97 22
9 24
75 16
12 1
67 4
69 29
23 7
10 18
4 27
31 2
73 4
64 4
32 23
98 14
5 16
44 2
38 23
4 9
58 24
10 13
94 4
12 16
1 19
87 17
23 10
13 6
76 29
51 22
50 21
40 30
28 12
91 28
21 22
2 25
52 12
20 11
77 10
24 21
28 20
98 15
72 15
93 14
39 27
93 4
72 30
36 26
69 10
44 5
18 4
22 11
98 1
69 12
32 13
92 5
68 9
50 17
68 19
60 26
5 12
79 2
70 12
63 5
35 30
58 7
54 29
54 14
70 14
38 15
55 26
17 8
50 1
48 8
73 20
9 13
14 24
53 15
100 12
71 25
74 10
81 13
67 9
31 8
10 24
70 21
62 5
35 14
32 6
15 20
100 26
9 26
70 12
18 24
35 20
20 29
58 15
50 28
10 5
59 10
20 27
94 4
82 2
25 19
8 12
4 16
14 30
3 25
45 11
34 3
93 14
42 20
99 22
61 6
56 23
18 22
6 13
65 24
57 21
7 15
68 15
19 19
57 6
76 8
11 19
51 17
11 23
43 22
37 2
97 12
55 21
95 30
38 1
64 18
84 17
75 14
70 4
91 19
23 15
84 26
36 12
42 6
41 7
38 16
12 17
3 21
77 6
19 5
50 22
58 21
4 21
94 23
5 24
40 17
23 21
94 14
57 20
74 21
84 26
45 15
97 2
79 13
37 30
26 29
13 17
77 27
7 13
75 7
93 8
16 30
44 10
43 12
4 7
100 7
54 27
29 29
62 23
48 23
67 27
23 2
23 23
2 27
71 25
64 1
54 15
84 28
64 23
10 1
46 12
3 4
85 6
57 3
76 16
90 27
50 20
26 14
16 23
75 20
82 3
85 5
75 20
39 28
38 14
84 20
16 16
17 27
56 16
5 19
44 4
14 2
16 29
96 2
88 28
96 24
46 2
67 18
42 10
31 26
2 1
92 9
8 25
2 15
62 5
59 30
100 9
12 19
12 19
61 23
35 27
20 2
86 10
82 20
39 4
68 3
12 15
67 7
20 29
11 10
53 19
73 11
10 11
7 22
98 14
60 20
89 27
28 15
2 1
73 4
48 9
15 4
4 26
21 5
82 28
20 13
52 15
47 10
41 12
40 22
18 2
74 11
10 14
56 7
81 24
92 1
86 17
96 1
62 14
1 17
88 29
60 24
71 29
86 2
24 7
46 14
1 16
86 28
58 4
99 2
57 5
65 15
65 28
54 25
54 18
63 12
29 5
88 30
2 26
69 18
57 3
86 22
85 26
93 14
93 7
9 19
13 1
57 3
1 14
29 6
65 13
41 17
1 4
51 22
85 8
50 8
35 28
72 2
63 13
27 6
8 10
95 11
81 9
11 19
39 8
15 21
89 5
68 20
92 8
54 28
12 1
22 18
54 22
79 24
7 19
63 4
25 21
57 27
77 30
5 20
57 29
61 5
11 14
95 4
93 7
93 17
87 2
87 27
42 1
3 24
74 4
17 1
2 28
86 10
98 8
95 5
65 23
46 19
60 4
36 7
94 14
51 23
98 19
21 26
23 26
34 20
34 25
47 10
93 2
95 14
54 13
10 18
37 26
68 3
14 13
87 3
83 17
72 7
17 4
72 16
25 4
13 8
9 10
46 21
20 18
23 5
74 17
86 22
51 24
15 17
35 19
81 16
14 22
57 30
61 12
94 24
4 7
11 8
97 3
89 3
69 20
99 6
70 25
34 14
45 24
72 16
65 30
26 1
4 18
98 7
100 15
22 2
84 11
53 18
20 8
49 11
26 24
43 26
67 8
3 28
61 16
7 5
66 25
69 10
41 8
74 12
84 1
90 8
21 30
58 12
77 18
17 11
74 13
30 25
39 27
84 3
34 24
83 13
9 11
67 5
41 6
58 5
11 11
79 9
36 12
64 28
16 26
47 22
65 7
97 20
44 12
78 8
72 17
21 20
54 17
83 23
53 24
14 14
31 15
40 30
47 18
3 12
36 28
75 6
47 6
99 14
88 10
88 1
7 14
28 25
73 15
86 9
27 26
61 25
74 24
97 5
44 7
64 7
51 18
42 28
68 10
52 15
61 7
63 22
11 25
73 21
86 20
55 27
9 26
43 6
54 20
88 27
73 5
59 10
24 9
28 25
8 12
98 10
66 29
23 20
16 26
80 12
65 8
7 22
13 4
61 10
98 1
51 29
56 18
59 18
99 7
88 29
47 23
99 20
55 11
27 10
90 28
32 28
62 3
1 27
17 10
75 26
86 10
66 11
39 13
89 25
4 18
19 23
29 25
7 1
32 13
80 1
97 19
65 6
13 20
71 6
100 16
100 29
41 11
58 18
40 8
36 13
16 27
89 21
66 30
35 9
12 9
21 27
37 11
12 25
2 27
54 8
37 8
77 7
41 3
22 19
70 9
73 5
25 22
8 14
66 22
19 23
97 9
35 14
71 24
25 28
61 18
100 2
38 20
33 3
9 30
28 4
9 27
68 4
40 5
63 13
6 30
82 22
70 26
45 12
29 27
15 25
38 23
97 12
78 17
93 23
22 16
85 23
37 6
40 30
17 17
44 23
24 4
76 13
28 13
16 1
72 21
51 26
34 1
4 22
29 6
1 13
30 30
47 29
30 17
6 26
61 11
16 30
62 20
75 19
17 16
52 25
61 8
24 3
59 29
94 3
31 15
92 9
42 30
70 17
64 8
69 11
94 18
18 16
90 7
8 22
34 13
32 12
54 28
19 14
11 25
7 26
56 16
26 6
10 18
22 28
83 7
57 7
18 4
99 12
14 6
66 14
55 14
8 22
77 25
8 9
32 15
62 16
40 30
52 16
2 7
41 19
27 15
56 19
87 25
78 5
36 25
59 30
77 28
42 15
21 18
54 24
84 1
15 6
19 11
14 17
7 25
74 28
68 4
8 22
67 23
16 24
26 16
23 7
6 24
31 21
5 15
14 11
42 26
100 22
30 19
7 30
87 20
43 19
46 8
13 10
77 2
16 9
51 26
87 7
3 22
22 16
23 22
99 14
29 14
54 22
71 9
56 30
28 13
77 23
34 22
96 12
80 25
87 27
11 27
67 13
73 22
25 10
58 4
78 8
55 9
24 17
43 15
4 27
28 8
75 23
66 24
4 5
94 18
13 1
6 29
38 24
75 16
32 30
98 6
10 26
75 3
63 8
11 17
24 6
33 28
49 25
11 18
43 29
82 23
17 3
32 14
65 14
44 21
72 1
27 20
48 27
93 24
66 25
5 20
76 26
42 21
17 6
74 13
74 25
88 28
63 15
21 23
39 20
70 3
49 2
65 2
31 19
97 5
67 3
91 8
43 9
30 3
33 7
18 10
19 23
76 24
57 4
69 27
37 4
56 10
74 15
92 14
92 28
23 11
42 7
59 16
2 15
27 21
65 2
10 13
54 7
22 10
76 17
36 18
66 27
86 25
31 6
60 22
19 17
23 9
40 29
43 18
52 17
76 21
82 18
16 2
47 23
86 18
11 27
50 20
19 4
28 18
82 16
82 28
27 17
97 23
85 8
98 28
82 28
1 20
99 4
67 21
89 14
77 18
84 4
39 13
48 23
66 24
56 2
36 12
85 19
62 13
40 14
52 5
39 13
78 6
70 22
22 14
96 24
85 22
99 18
92 22
96 29
32 24
64 18
71 6
52 8
16 20
10 2
97 29
28 27
31 27
52 28
15 19
41 3
83 1
29 17
67 30
28 11
74 13
84 21
96 16
17 18
8 24
6 25
21 22
12 10
96 20
53
3
9
17
16
8
10
30
9
18
14
22
30
13
9
8
1
14
2
9
30
9
11
17
21
19
5
10
5
8
26
6
15
23
16
18
5
26
22
2
26
21
15
11
3
4
20
4
14
11
21
30
10
27