  2.00              293
  0.20                4
  0.05                1
  0.85               31
  8.95            62797
 27.35         15107319
150.65     880650011472
194.70    6028117503208
281.10  107263801705544
300.00  181490736388615
  0.20                4
  8.85            59823
 31.45         32911631
 43.45        216862384
100.50      49248578100
 97.80      40815520174
255.00   49233874957130
255.05   49233874957130
255.10   49387316173395
255.15   49387316173395
255.20   49541188465080
255.25   49541188465080
255.30   49695481423720
255.35   49695481423720
255.40   49850205457780
255.45   49850205457780
255.50   50005360567260
255.55   50005360567260
255.60   50160946752160
255.65   50160946752160
255.70   50316964012480
255.75   50316964012480
255.80   50473412348220
255.85   50473412348220
255.90   50630291759380
255.95   50630291759380
256.00   50787612876985
