
87 30 51 47
46 100 69 14
24 99 3 72
7 62 21 52
49 12 63 32
125 90 280 145
520 245 260 230
5 46 339 268114466
105 490780305 60 21 
829346727 24 57 552 
12 74 772 44544395
8 10 104 229222625
282444 10550 9077770 831
974900 75074 6092690 12
850383 3654 3790598 518
1657078 430 200630 36708
9238520 895 26272 34311 
534559638 970539280 169649301 138277795
661894850 865439987 923286695 310752738
245797702 832661926 186862759 797942274
104196842 751507408 319018744 329989135
226069308 484182800 557646914 201689805
669373233 484533800 450803389 797134274
0 0 0 0