
7
1 -1
2
1 1 1
2
1 -3 -1
0
-3 -4 3 -2
3
1 -2 3
2
-1 4 -4
-3
-4 -3
5
-5 3 -2
2
1 -4 5
6
8 5 -4
-3
-1 1 -4
-1
-5 -1 8 -7 0 9 -9 9 -6 -4 6
2
-5 4 -3 5 1 4
6
-4 5 -3 -1 -3 -1 3 -3
-4
-6 -2 -1 3 2 1
3
-1 -7 1 5 -1
6
-10 -3 -6 -5 2
-3
-7 7 -4 -2 -9 -1 -8
2
-1 1 7 1 -10 3
5
7 -1 1 10 11 -5 -6 -1 -2 -6 -8 1
-2
-2 -9 6 -11 6 -12
-6
-6 7 4 3 10 5 1 -9 -3 -1 -10
-1
-11 4 3 8 13 4 2
-1
1 -8 -5 0 -6 -6 5 6 -1 1 2 10 -10 10 2 -10 3 -8 11 6 11 -4 -9 -11
7
7 6 7 -5 11 8 7 -9 -6
11
10 -14 6 -6 -2 2
-3
-7 -9 -4 -14 13 7 -7 -2 -9 1 11
2
8 -5 -12 -10 -1 14 14 8 5 -15 -1 -7 3 12
3
-2 -4 -9 -16 -14 -13
