
3 5
58 58 62
16 37 58 59 80
14 13
190 329 643 724 787 919 1068 1151 1151 1193 1253 1402 1498 1535
643 724 787 807 942 957 200 209 252 357 536 1151 2262
15 6
136 159 198 200 236 271 289 300 345 400 405 674 700 899 912
101 271 271 401 401 641
5 1
6 211 213 295 309
295
7 14
158 564 1594 5882 7215 45613 61855
154 256 564 849 852 904 1588 1594 5882 7215 45613 54882 64715 84561
4 10
49 65 127 141
73 142 301 435 512 586 639 662 681 687
16 18
275 449 733 969 1588 1972 3439 3818 4184 4599 4962 5092 5144 5661 5778 5818
310 786 1032 1161 1742 1751 1960 2342 2454 2574 2921 3247 3600 3655 4464 4516 4575 4682
100 99
2 3 4 5 6 7 8 9 10 11 12 13 14 15 16 17 18 19 20 21 22 23 24 25 26 27 28 29 30 31 31 31 31 31 31 37 38 39 40 41 42 43 44 45 46 47 48 49 50 51 52 53 54 55 56 57 58 59 60 61 62 63 64 65 66 67 68 69 70 71 72 73 74 75 76 77 78 79 80 81 82 83 84 85 86 87 88 89 90 91 92 93 94 95 96 97 98 99 100 99912
31 99901 99903 99903 99904 99905 99906 99907 99908 99909 99911 99912 99913 99914 99915 99917 99917 99918 99919 99920 99921 99922 99923 99924 99925 99926 99927 99928 99929 99930 99931 99932 99933 99934 99935 99936 99937 99938 99939 99940 99941 99942 99943 99944 99945 99946 99947 99948 99949 99950 99951 99952 99953 99954 99955 99956 99957 99958 99959 99960 99961 99962 99963 99964 99965 99966 99967 99968 99969 99970 99971 99972 99973 99974 99975 99976 99977 99978 99979 99980 99981 99982 99983 99984 99985 99986 99987 99988 99989 99990 99991 99992 99993 99994 99995 99996 99997 99998 99999
13 11
30105 59896 76286 90890 96790 98032 98246 99896 99992 99998 99999 100000 100000
397 32709 38977 59532 71496 72872 98987 99913 99932 99955 99991
17 14
109 505 987 2492 6700 12058 27445 31960 47207 70554 73944 92545 99250 99658 99795 99832 99915
45 123 888 2492 3333 23056 27445 55602 70554 84294 87727 92545 92583 99795
55 19
494 1154 1683 2270 4395 4673 5305 6079 6526 7101 7709 8123 8346 8394 9277 9421 10844 10955 14218 15619 15683 15937 16347 16836 17139 18644 19060 19533 19953 20077 20579 21143 21295 21454 21826 22183 23165 23985 24236 24421 25187 25253 25577 25813 26204 26486 26878 27219 27656 27995 28714 29207 29414 29937 30217
1794 2171 2328 3649 4538 5438 6023 6866 7783 9748 14982 17014 18165 19634 19743 19743 19827 20106 22083
22 38
25 35 45 55 66 70 77 88 99 300 4000 7000 9876 9999 10101 10202 10333 20005 20006 30000 50505 90909
30 40 50 60 70 80 90 100 200 300 400 500 600 700 800 900 1000 2000 2000 3000 4000 5000 6000 6000 7000 7000 8000 9000 10000 20000 30000 30000 40000 50000 60000 70000 80000 99999
84 95
120 1441 1834 2260 2816 3702 4067 4656 4867 5063 5824 6011 6024 6168 6500 6744 6950 7063 7989 8263 8313 8725 9063 9305 9593 9868 9922 10587 10937 10975 11287 12075 13250 13681 13867 13914 14184 14856 15694 15723 15982 16643 16836 17076 17426 18337 18679 18831 18831 19173 19598 19795 20194 20482 20556 21124 21418 21718 21912 22052 22366 22527 23146 23647 23674 23762 23982 24033 24100 24363 24527 24837 24951 25317 25356 25527 25868 26223 26252 26276 26586 26597 26651 26897
347 1650 1818 2032 2376 2593 3152 4267 4537 5284 5816 5953 6265 6548 6651 6949 7302 7540 8051 8106 8557 9533 10094 10302 11872 13737 15351 15678 15873 16275 16325 16690 17304 17304 17923 18097 18472 19242 19724 19741 19741 19912 20552 21032 21772 22104 22341 24334 24341 24378 24595 25419 26198 27725 27943 28102 28242 29286 29429 29893 30157 31570 31664 31797 33350 34154 34526 35564 36548 37189 37540 37822 38010 39139 39898 40028 40080 41442 42032 42105 42165 42737 43278 43735 44651 44845 45121 45736 46334 46658 46826 46922 47083 47306 47320
99 97
50 318 656 859 1155 1297 1468 1548 1950 2774 2812 3010 3595 3979 4077 4537 4727 4953 5041 5106 5476 5527 5696 5818 5858 5950 6011 6015 6029 6147 6489 6505 6714 6805 6957 7191 7521 8068 8115 8132 8284 8389 8497 9057 9244 9369 9554 9597 9743 9922 10285 10440 10477 10729 10879 10970 10976 11144 11310 11610 11973 12026 12193 12434 12456 12624 13256 13299 13653 13682 13842 13901 14058 14725 15269 15679 15711 15863 15970 16062 16628 16740 16970 17303 17419 17610 17893 18505 18724 18724 18727 18870 18919 19505 19624 19675 19713 20054 20262
282 559 682 1006 1113 1214 1600 1602 1751 1833 2059 2229 2407 2554 2711 3092 3313 3608 4268 4507 4554 4682 4855 5776 5871 5887 5946 6072 6148 6293 6382 6422 6607 6845 7001 7152 7280 7330 7338 8005 8089 8156 8626 8711 9181 9470 9878 10073 10096 10156 10336 10400 10585 11434 11466 13001 13203 13529 14103 14208 14509 14728 14738 15394 15626 15685 16027 16322 16334 16465 17012 17012 17403 17849 17965 18069 18167 18714 18953 19031 19627 19740 19740 19744 19883 20039 20867 20955 21139 21271 21510 21579 21925 22083 22121 22124 22183
76 41
15 77 83 152 283 338 405 758 781 820 923 1046 1111 1177 1194 1235 1342 1512 1522 1616 1712 1798 1818 1885 1968 1968 2009 2016 2144 2225 2255 2264 2268 2387 2461 2587 2736 2802 2829 2980 3011 3053 3163 3181 3218 3224 3553 3570 3648 3698 3715 3869 3910 3918 3925 3978 3994 4024 4151 4222 4335 4369 4431 4547 4566 4593 4654 4714 4742 4874 4949 4953 5043 5061 5108 5148
40 72 222 276 281 313 338 399 458 537 592 623 653 674 686 753 840 951 1016 1111 1166 1177 1204 1253 1310 1547 1600 1619 1649 1701 1751 1751 1757 1818 1885 1925 1971 2006 2051 2107 3925
74 16
60 228 666 859 1035 1035 1297 1468 1548 1950 2514 2774 2812 3010 3021 3595 3872 3973 3979 4009 4077 4537 4727 4953 5041 5046 5106 5148 5157 5472 5476 5527 5696 5743 5828 5858 5858 5993 6005 6007 6039 6147 6489 6505 6714 6719 6805 6957 7191 7521 7590 8068 8115 8132 8284 8389 8497 8517 9057 9244 9369 9438 9554 9554 9580 9600 9743 9832 9954 10275 10999 11500 14402 20158
89 128 336 559 559 559 628 1006 1022 1113 1214 1600 1602 1611 1611 1755
0 0